tree
version=v4
num_class=1
num_tree_per_iteration=1
label_index=0
max_feature_idx=33
objective=lambdarank
feature_names=historical_interaction_count historical_impression_count historical_view_count historical_click_count historical_save_count historical_shortlist_count historical_contact_count company_valuation company_quality_score company_popularity_score company_is_active historical_interest similar_company_score preference_source historical_source popular_source preferred_sector_count preferred_stage_count preferred_geography_count preferred_deal_type_count investment_min investment_max valuation_min valuation_max min_expected_return_pct risk_appetite investment_horizon company_age_min_years company_age_max_years esg_preference sector_match stage_match geography_match valuation_match
feature_infos=[0:59] [0:32] [0:24] [0:18] [0:12] [0:9] [0:6] [0.94999999999999996:194.12] [0.28199999999999997:0.97999999999999998] [0.20300000000000001:0.84099999999999997] [0:1] [0:3.6000000000000001] none none [0:1] none [2:4] [1:3] [1:2] [1:2] [61599.830000000002:8930429.9499999993] [187918.39999999999:29647446.379999999] [1000034.1899999999:125768617.34] [3078996.8300000001:449280058.00999999] [5:33.259999999999998] [0:1] [0:1] [0:4] [5:12] [0:1] [0:1] [0:1] [0:1] none
tree_sizes=1745 1743 1753 1742 1746 1729 1740 1723 1735 1745 1721 1740 1744 1726 1738 1737 1740 1732 1740 1737 1722 1741 1744 1742 1724 1716 1703 1738 1726 1724 1733 1749 1755 1752 1736 1735 1753 1749 1741 1735 1742 1746 1745 1726 1724 1731 1748 1742 1738 1741

Tree=0
num_leaves=15
num_cat=0
split_feature=6 1 6 24 7 11 5 1 7 7 21 7 9 25
split_gain=13.6574 14.6458 10.4989 6.43082 6.96978 5.7248 5.34461 6.41278 5.12207 9.00972 4.97921 5.10515 5.41829 4.44288
threshold=1.5000000000000002 1.5000000000000002 1.0000000180025095e-35 15.475000000000001 3.1400000000000006 0.12500000000000003 1.5000000000000002 6.5000000000000009 19.465000000000003 28.700000000000006 352338.41000000009 35.425000000000004 0.8055000000000001 1.0000000180025095e-35
decision_type=2 2 2 2 2 2 2 2 2 2 2 2 2 2
left_child=1 3 5 10 -5 6 7 -3 13 -10 -1 12 -12 -6
right_child=-2 2 -4 4 8 -7 -8 -9 9 -11 11 -13 -14 -15
leaf_value=0.024441727079412157 -0.022035098759895996 0.0076237984615059526 -0.0045854322204295413 0.031791977039305017 0.042292284241283055 0.032475197852437417 -0.0027122035947106339 0.026008505746594291 0.041504147042651776 -0.0067260276921804465 -0.025542071348826828 0.00035497147372990008 0.072073916801017213 -0.016488922872481462
leaf_weight=7.3262678552418938 64.156795282382518 132.43076611543074 122.06828830763698 15.620574270375071 3.4015827607363454 32.942246538121253 60.30793745489791 73.900925109162927 14.394570002332328 29.58378969412297 87.402848033234477 28.533295675180852 1.4450472071766842 58.481540217995644
leaf_count=62 3093 3687 5410 136 30 1154 2575 2670 102 317 952 265 8 619
internal_value=9.41449e-11 0.00211683 0.00777465 -0.00757335 0.000614288 0.0128109 0.0103815 0.0142086 -0.00398619 0.00906021 -0.0155492 -0.0180452 -0.0239544 -0.0132578
internal_weight=731.996 667.84 421.65 246.19 121.482 299.582 266.64 206.332 105.861 43.9784 124.707 117.381 88.8479 61.8831
internal_count=21080 17987 15496 2491 1204 10086 8932 6357 1068 419 1287 1225 960 649
is_linear=0
shrinkage=0.05


Tree=1
num_leaves=15
num_cat=0
split_feature=6 1 11 1 21 5 3 8 7 22 27 24 0 11
split_gain=100.17 22.9509 17.4737 13.4168 11.0209 9.75089 10.0119 9.05365 9.62325 9.1102 7.84583 7.76614 7.75534 12.4137
threshold=1.0000000180025095e-35 11.500000000000002 0.12500000000000003 1.0000000180025095e-35 7973023.8100000015 2.5000000000000004 4.5000000000000009 0.56950000000000001 66.790000000000006 98144238.965000018 1.5000000000000002 23.170000000000005 20.500000000000004 1.0000000180025095e-35
decision_type=2 2 2 2 2 2 2 2 2 2 2 2 2 2
left_child=1 3 -2 4 -1 -3 -7 11 12 -10 -6 -5 13 -9
right_child=2 5 -4 7 10 6 -8 8 9 -11 -12 -13 -14 -15
leaf_value=0.028696225237090325 -0.020789433691446653 0.026061732661468259 0.0032183332061819035 -0.0090856850529396193 -0.040040066865996621 -0.02400471384685 0.018620758406421991 0.0070597883320139641 -0.019331028633948019 0.052956144501106875 0.01195830648651283 0.022137311242450705 0.015610417745444933 -0.011389024274557293
leaf_weight=91.223855728749186 510.00561010465026 195.75951719563454 89.020832426846027 216.49565698206425 10.774654998444019 21.825103174895048 37.351943629793823 495.12387076811865 58.50483569316566 4.7094323001801959 22.203663461841643 21.933412884362042 174.96856886614114 111.76305373199284
leaf_count=782 7409 1611 1321 1867 162 317 482 4338 519 34 276 168 1397 397
internal_value=3.5029e-11 0.00705317 -0.0172217 0.00417552 0.019741 0.0206853 0.00290005 0.00239123 0.00481897 -0.0139457 -0.00503057 -0.00621344 0.00633612 0.00366229
internal_weight=2061.66 1462.64 599.026 1207.7 124.202 254.937 59.177 1083.5 845.07 63.2143 32.9783 238.429 781.855 606.887
internal_count=21080 12350 8730 9940 1220 2410 799 8720 6685 553 438 2035 6132 4735
is_linear=0
shrinkage=0.05


Tree=2
num_leaves=15
num_cat=0
split_feature=6 11 5 11 8 0 24 10 24 24 4 3 7 8
split_gain=101.894 24.0497 19.7716 13.5399 10.014 9.15389 8.58747 8.51614 8.2909 7.55625 7.33743 7.15249 8.54634 6.51648
threshold=1.0000000180025095e-35 1.0000000180025095e-35 1.5000000000000002 0.12500000000000003 0.57550000000000001 20.500000000000004 28.205000000000002 1.0000000180025095e-35 13.375000000000002 12.795000000000002 1.5000000000000002 1.5000000000000002 61.265000000000008 0.58400000000000007
decision_type=2 2 2 2 2 2 2 2 2 2 2 2 2 2
left_child=1 2 4 -2 6 9 -1 8 -3 11 -11 -6 -13 -7
right_child=3 7 -4 -5 5 13 -8 -9 -10 10 -12 12 -14 -15
leaf_value=-0.0023379004059226466 -0.023059022160773768 -0.0027954861853322003 -0.01205549901711513 -0.0032557800962464997 -0.010074720620606067 -0.052374562542852415 -0.072684571220826513 0.016540307063355447 0.061697581885093583 0.013144003197771099 -0.0054035576074486797 0.013031590041012822 -0.058813344562934661 0.019631048021145271
leaf_weight=185.70745659060776 412.98896796582267 6.5973464213311699 174.04635405540466 109.1198899121955 117.3329159701243 3.1963598988950244 4.4420585436746469 289.30010018497705 20.368742074817419 306.099930990953 64.57062975410372 77.391502005979419 4.3732104655355206 185.11371330544353
leaf_count=2026 7409 32 2408 1321 1156 30 36 1601 72 2506 655 650 64 1114
internal_value=-8.39025e-11 0.00686696 0.00343501 -0.0189202 0.00627828 0.00885169 -0.00398126 0.0190453 0.0459191 0.00569302 0.00991303 -0.00216359 0.00918894 0.0184088
internal_weight=1960.65 1438.54 1122.27 522.109 948.228 758.078 190.15 316.266 26.9661 569.768 370.671 199.098 81.7647 188.31
internal_count=21080 12350 10645 8730 8237 6175 2062 1705 104 5031 3161 1870 714 1144
is_linear=0
shrinkage=0.05


Tree=3
num_leaves=15
num_cat=0
split_feature=6 0 5 11 10 3 26 4 2 7 27 11 28 8
split_gain=87.7046 14.4705 15.2272 21.5058 8.82936 9.86095 8.65505 7.97149 7.71703 8.03337 7.97354 7.44191 7.30203 7.31208
threshold=1.0000000180025095e-35 15.500000000000002 1.5000000000000002 0.22500000000000003 1.0000000180025095e-35 6.5000000000000009 1.0000000180025095e-35 7.5000000000000009 13.500000000000002 4.4350000000000014 3.5000000000000004 1.0000000180025095e-35 11.500000000000002 0.71150000000000013
decision_type=2 2 2 2 2 2 2 2 2 2 2 2 2 2
left_child=1 -1 4 -4 5 6 -3 12 9 10 -5 -2 -6 -14
right_child=11 2 3 8 7 -7 -8 -9 -10 -11 -12 -13 13 -15
leaf_value=0.0011233299838258283 -0.021633909402223494 -0.064291235084783613 -0.0095832831226870911 -0.043638876589377359 0.017532699961810224 -0.092859260548091183 0.051413971092374215 -0.073430813805517262 0.050783773214983008 0.022554313324177105 0.047006146234035505 -0.0074975713170026539 -0.019759690247240266 0.017169682673052893
leaf_weight=661.01684857998043 369.85527473827824 1.7005455289036024 159.49610268324614 9.8403396010398847 386.02405680669472 1.3344622422009695 32.598648906685412 2.5557784726843229 17.969766892492771 52.211112722754478 3.2199174612760535 124.41905574826524 28.095294390805066 25.633811288513243
leaf_count=6497 6914 15 2392 59 2500 13 149 21 63 227 12 1816 254 148
internal_value=1.07712e-10 0.00646615 0.0113667 0.00116833 0.0165462 0.0404892 0.0456773 0.0146173 0.0217692 0.0137812 -0.021291 -0.0180755 0.015129 -0.00214092
internal_weight=1875.97 1381.7 720.68 242.737 477.943 35.6337 34.2992 442.309 83.2411 65.2714 13.0603 494.274 439.753 53.7291
internal_count=21080 12350 5853 2753 3100 177 164 2923 361 298 71 8730 2902 402
is_linear=0
shrinkage=0.05


Tree=4
num_leaves=15
num_cat=0
split_feature=6 11 5 0 11 23 5 23 20 18 0 1 0 24
split_gain=84.0459 19.9956 18.3925 13.1032 7.0345 6.58406 6.51225 6.54682 7.75645 8.70788 8.59346 7.63399 9.55291 8.78704
threshold=1.0000000180025095e-35 1.0000000180025095e-35 1.5000000000000002 13.500000000000002 1.0000000180025095e-35 423945429.44000006 4.5000000000000009 248138438.26500002 3083857.1650000005 1.5000000000000002 15.500000000000002 8.5000000000000018 34.500000000000007 11.395000000000001
decision_type=2 2 2 2 2 2 2 2 2 2 2 2 2 2
left_child=1 2 3 -1 -2 -5 7 8 9 10 -3 13 -13 -12
right_child=4 6 -4 5 -6 -7 -8 -9 -10 -11 11 12 -14 -15
leaf_value=0.00037650500950021579 -0.021823174721452752 -0.026698240788766398 -0.01418270411106267 0.013304032694526562 -0.0076914246547411169 -0.039677525949192299 -0.020007423127915341 0.039142720913452791 -0.0061499645196818192 0.029260731682866831 0.070191184406050849 -0.012467123200048062 0.024812566679513481 0.015183822390949998
leaf_weight=520.83573270775378 350.25494745094329 14.177493801340459 135.41876026289538 384.15739510441199 117.63650200609118 5.9547614939510813 11.158018555492161 35.215236909687519 33.860787080600858 114.13838821742684 11.477140264585616 35.478191613219678 33.326222343370318 19.758938165381551
leaf_count=5273 6914 141 2408 2904 1816 60 79 167 208 596 25 216 168 105
internal_value=-2.44356e-10 0.00630903 0.00301048 0.00556637 -0.0182702 0.0124953 0.0174937 0.0189006 0.0161821 0.0194935 0.00973309 0.0148961 0.00558973 0.0353953
internal_weight=1822.85 1354.96 1046.37 910.948 467.891 390.112 308.59 297.432 262.217 228.356 114.218 100.04 68.8044 31.2361
internal_count=21080 12350 10645 8237 8730 2964 1705 1626 1459 1251 655 514 384 130
is_linear=0
shrinkage=0.05


Tree=5
num_leaves=15
num_cat=0
split_feature=6 11 5 2 9 9 1 7 2 8 26 20 23 20
split_gain=74.2719 25.8602 18.4159 17.0042 9.25043 7.0559 7.00385 6.70819 18.8798 8.19691 6.57998 6.8361 6.28978 7.67034
threshold=1.0000000180025095e-35 0.12500000000000003 1.5000000000000002 3.5000000000000004 0.7350000000000001 0.70300000000000007 14.500000000000002 35.425000000000004 7.5000000000000009 0.77400000000000013 0.49500000000000005 2922381.7400000007 14855527.280000001 210445.24500000002
decision_type=2 2 2 2 2 2 2 2 2 2 2 2 2 2
left_child=1 2 3 6 5 -3 -1 -5 12 10 11 -10 13 -9
right_child=-2 4 -4 7 -6 -7 -8 8 9 -11 -12 -13 -14 -15
leaf_value=-0.001495114160528015 -0.017455789510865474 0.019951845672952107 -0.014141187919374121 0.015231548092826964 -0.063357817072842521 0.0542702739431907 0.059613972233313307 -0.055776868835208639 0.066284682661044925 -0.042388603750303615 -0.0081107426131075428 -0.013182398026150448 -0.031340678607214928 0.051662440776285623
leaf_weight=505.98930960800499 453.57669205544516 211.56713361758739 140.18862909357995 366.73619083408266 3.1899628657847634 16.118511848151684 4.7326942868530741 2.4077251963317385 16.525608759373437 3.454375732690095 5.6041865199804297 3.2362700775265685 35.378227327018976 5.3580241231247783
leaf_count=5115 8730 1109 2627 2736 22 63 19 32 72 29 55 22 410 39
internal_value=-8.89483e-11 0.00599592 0.00277506 0.00527286 0.0211967 0.0223813 -0.000928836 0.0124927 -0.00146478 0.0298695 0.0397097 0.0532709 -0.0223963 0.0183515
internal_weight=1774.06 1320.49 1089.61 949.423 230.876 227.686 510.722 438.701 71.9644 28.8204 25.3661 19.7619 43.144 7.76575
internal_count=21080 12350 11156 8529 1194 1172 5134 3395 659 178 149 94 481 71
is_linear=0
shrinkage=0.05


Tree=6
num_leaves=15
num_cat=0
split_feature=6 3 5 11 8 1 21 24 0 9 8 24 7 7
split_gain=70.0667 24.2172 10.5056 26.3715 11.4392 8.0326 8.21443 7.93894 7.53904 7.69124 8.24431 6.36367 8.18345 10.0296
threshold=1.0000000180025095e-35 1.5000000000000002 1.5000000000000002 0.55000000000000016 0.56500000000000006 14.500000000000002 944123.57500000007 27.345000000000002 20.500000000000004 0.35150000000000003 0.85500000000000009 11.660000000000002 10.330000000000002 6.2200000000000006
decision_type=2 2 2 2 2 2 2 2 2 2 2 2 2 2
left_child=1 5 8 -4 -5 6 -1 -6 9 -3 -11 12 13 -10
right_child=-2 2 3 4 7 -7 -8 -9 11 10 -12 -13 -14 -15
leaf_value=-0.019104631894060992 -0.016985108067169196 -0.016612487576359039 -0.0091530224438949297 -0.026254452108836524 0.044427488819791972 0.055532771577736673 -0.00096920447280867913 -0.067902994803068342 0.0053510706470471436 0.014365897665085265 -0.013291142577158688 0.024650861856947606 0.020965868928707641 -0.054287790029778217
leaf_weight=74.53574058227241 449.85091443918645 27.35121628921479 154.08754394901916 7.4314513616263858 45.211827093735337 5.7540277261286965 384.75768089899793 1.6296176649630059 32.000109160318971 237.18375328741968 30.398736978881061 214.57879381906241 62.324979480355978 9.0413846001028997
leaf_count=867 8730 386 2527 40 164 28 4003 12 210 2171 256 1236 376 74
internal_value=2.83199e-13 0.00594017 0.0111029 0.0014039 0.0313763 -0.00317677 -0.00391228 0.0405195 0.0144002 0.00864246 0.0112239 0.0197413 0.00954947 -0.00778729
internal_weight=1736.14 1286.29 821.239 208.36 54.2729 465.047 459.293 46.8414 612.879 294.934 267.582 317.945 103.366 41.0415
internal_count=21080 12350 7452 2743 216 4898 4870 176 4709 2813 2427 1896 660 284
is_linear=0
shrinkage=0.05


Tree=7
num_leaves=15
num_cat=0
split_feature=6 2 5 11 24 8 22 1 9 11 23 1 28 8
split_gain=68.2511 24.7162 10.8876 21.9438 6.13729 7.59078 7.7218 5.92191 5.60008 5.33972 6.2656 5.72713 7.4426 7.27975
threshold=1.0000000180025095e-35 3.5000000000000004 1.5000000000000002 0.22500000000000003 19.650000000000002 0.69950000000000012 4438673.495000001 14.500000000000002 0.75750000000000017 1.0000000180025095e-35 423945429.44000006 12.500000000000002 7.5000000000000009 0.77250000000000008
decision_type=2 2 2 2 2 2 2 2 2 2 2 2 2 2
left_child=1 7 8 -4 -5 6 -6 -1 9 10 -3 13 -13 -11
right_child=-2 2 3 4 5 -7 -8 -9 -10 11 -12 12 -14 -15
leaf_value=-0.0029868410446724798 -0.016726478954333952 0.013761109678201353 -0.010933471820774698 0.031008604668605506 0.058949176724131719 0.024771700888153073 -0.074777294430797905 0.041930340479468226 -0.050772963375735038 0.0088401529418279685 -0.043713886214932135 0.0057267741127670973 0.050640250431556344 0.043706648519658498
leaf_weight=516.40115013066679 449.68421219661832 400.73744157515466 124.80155520653352 57.884422916918993 1.3741945773363102 9.2058764565736038 5.0338863283395767 7.4437577463686457 3.1661092936992636 64.930873439647257 4.7985966261476269 12.586492381989954 34.524983966723084 19.456589888781309
leaf_count=5691 8730 3087 2409 257 5 40 43 27 35 391 83 81 118 83
internal_value=-9.39222e-11 0.00595846 0.0118509 0.00183073 0.0235046 -0.00431457 -0.0461 -0.00234857 0.0155292 0.0159201 0.013081 0.0246756 0.038641 0.0168791
internal_weight=1712.03 1262.35 738.501 198.3 73.4984 15.614 6.40808 523.845 540.201 537.035 405.536 131.499 47.1115 84.3875
internal_count=21080 12350 6632 2754 345 88 48 5718 3878 3843 3170 673 199 474
is_linear=0
shrinkage=0.05


Tree=8
num_leaves=15
num_cat=0
split_feature=6 1 5 11 3 2 0 8 8 7 23 8 27 23
split_gain=60.7096 22.2056 9.09407 22.3039 6.99818 5.67985 6.59233 5.7786 5.19478 11.7727 9.54184 9.01537 8.67032 8.3815
threshold=1.0000000180025095e-35 4.5000000000000009 1.5000000000000002 0.22500000000000003 7.5000000000000009 4.5000000000000009 23.500000000000004 0.89850000000000019 0.65450000000000019 4.3550000000000013 370514761.00500005 0.6625000000000002 1.5000000000000002 145164336.44000003
decision_type=2 2 2 2 2 2 2 2 2 2 2 2 2 2
left_child=1 4 5 -4 -1 6 7 -3 9 12 13 -10 -7 -11
right_child=-2 2 3 -5 -6 8 -8 -9 11 10 -12 -13 -14 -15
leaf_value=-0.0032365306218675055 -0.015784521682001028 0.0050166149449454179 -0.011844607889216065 0.023287293584053306 0.086963943540023458 0.060504334809166962 0.035196716452093144 -0.056574880766258051 0.053242051056080125 0.0013445912301751645 0.050532404146478853 0.018796486093055391 0.008714530806635588 -0.044969035735099298
leaf_weight=469.32673165434971 447.31444053957239 157.30478927446529 118.57185571268201 72.985193384811282 2.1602406576275817 16.571817289106548 18.295158227905631 3.9026900012977412 20.58816934376955 75.356936285272241 8.6099007278680784 245.59644008148462 15.773482348769901 11.223869395442305
leaf_count=5165 8730 1590 2458 354 5 70 91 61 80 693 50 1476 126 131
internal_value=-4.11005e-11 0.00571126 0.0109728 0.00154101 -0.00282325 0.0141247 0.00675351 0.00352554 0.0174853 0.00918801 0.000332771 0.0214607 0.0352486 -0.00465926
internal_weight=1683.58 1236.27 764.78 191.557 471.487 573.223 179.503 161.207 393.721 127.536 95.1907 266.185 32.3453 86.5808
internal_count=21080 12350 7180 2812 5170 4368 1742 1651 2626 1070 874 1556 196 824
is_linear=0
shrinkage=0.05


Tree=9
num_leaves=15
num_cat=0
split_feature=6 1 5 11 3 4 9 0 3 8 8 24 24 2
split_gain=63.0195 27.4841 11.8917 19.8542 5.60726 6.58675 5.74308 5.19494 9.8838 7.14682 7.24736 6.78621 8.51363 7.09138
threshold=1.0000000180025095e-35 4.5000000000000009 1.5000000000000002 0.22500000000000003 1.5000000000000002 1.0000000180025095e-35 0.41350000000000003 20.500000000000004 4.5000000000000009 0.45950000000000008 0.6735000000000001 19.055000000000003 12.720000000000002 1.5000000000000002
decision_type=2 2 2 2 2 2 2 2 2 2 2 2 2 2
left_child=1 4 7 -4 5 6 -1 8 9 -3 -11 12 -12 -13
right_child=-2 2 3 -5 -6 -7 -8 -9 -10 10 11 13 -14 -15
leaf_value=-0.017894242567423141 -0.016032407369817713 -0.021006676748966762 -0.012116964440968075 0.021471927153063054 0.0043450920177268929 -0.0190750420224962 0.0013193203489534648 0.019584050983248572 -0.030173223109593514 0.024211324957481573 0.013921662419564003 -0.068458647670299994 -0.017575553294416891 0.031440746050065568
leaf_weight=50.068005237728357 447.92841508891433 14.989013623446224 114.61150981113315 71.404066065326333 145.81003837566823 88.535793657414615 174.25038042478263 318.19981739576906 14.447146939113734 105.14971768576652 44.741371234878898 1.885879749432205 41.21931988466531 30.605130730196834
leaf_count=646 8730 239 2458 354 1529 1129 1866 1974 192 854 422 24 452 211
internal_value=-3.47408e-11 0.00590613 0.0117565 0.00077649 -0.00375286 -0.00752702 -0.00296916 0.015332 0.00998505 0.0124167 0.0146572 0.00617606 -0.00118168 0.0256423
internal_weight=1663.85 1215.92 757.253 186.016 458.664 312.854 224.318 571.237 253.038 238.59 223.601 118.452 85.9607 32.491
internal_count=21080 12350 7180 2812 5170 3641 2512 4368 2394 2202 1963 1109 874 235
is_linear=0
shrinkage=0.05


Tree=10
num_leaves=15
num_cat=0
split_feature=6 1 5 11 3 6 2 7 16 17 22 9 4 7
split_gain=61.1167 24.3563 10.7696 17.4179 5.65199 4.62937 4.04536 6.42355 5.4616 6.16012 5.57211 5.2705 4.45505 4.93757
threshold=1.0000000180025095e-35 4.5000000000000009 1.5000000000000002 0.22500000000000003 7.5000000000000009 2.5000000000000004 7.5000000000000009 48.490000000000009 2.5000000000000004 2.5000000000000004 122104224.88500001 0.7350000000000001 6.5000000000000009 121.15500000000002
decision_type=2 2 2 2 2 2 2 2 2 2 2 2 2 2
left_child=1 4 6 -4 -1 -2 7 -3 9 -9 -10 12 -8 -14
right_child=5 2 3 -5 -6 -7 11 8 10 -11 -12 -13 13 -15
leaf_value=-0.0037961959944143504 -0.01397543382620384 0.014044481526614021 -0.011411158864060592 0.020285145298352816 0.073948225995975933 -0.031323733485166899 0.02302718114702218 0.031942114626208815 -0.032294396614267647 -0.035447739177117292 0.09163613196943575 -0.071560070436469544 -0.052977692417433254 0.086920265491033669
leaf_weight=436.32446353370324 411.83375476161018 346.93781140167266 111.58395319012925 70.872283367440104 2.3503678590059272 42.41507931612432 176.07944850251079 11.959178086370231 18.416003326885406 4.7332328381016842 0.95397535711526771 1.5246826745569695 3.5710119456052771 0.76600167900323857
leaf_count=5165 7852 2764 2458 354 5 878 1082 103 272 74 2 24 45 2
internal_value=2.08772e-10 0.00597278 0.0114621 0.000900777 -0.00337965 -0.0155953 0.014873 0.0119568 -0.00812747 0.0128333 -0.0261908 0.0210118 0.0217941 -0.028269
internal_weight=1640.32 1186.07 747.398 182.456 438.675 454.249 564.941 383 36.0624 16.6924 19.37 181.941 180.416 4.33701
internal_count=21080 12350 7180 2812 5170 8730 4368 3215 451 177 274 1153 1129 47
is_linear=0
shrinkage=0.05


Tree=11
num_leaves=15
num_cat=0
split_feature=6 1 5 11 0 9 3 3 22 8 5 22 32 7
split_gain=58.1467 21.3187 9.86457 16.0008 5.06117 5.88356 5.33612 4.89244 4.67965 4.98919 7.01794 9.34473 6.58095 8.38713
threshold=1.0000000180025095e-35 4.5000000000000009 1.5000000000000002 0.22500000000000003 19.500000000000004 0.27550000000000002 4.5000000000000009 1.5000000000000002 91509152.885000005 0.6715000000000001 1.0000000180025095e-35 36235297.680000007 1.0000000180025095e-35 2.7100000000000004
decision_type=2 2 2 2 2 2 2 2 2 2 2 2 2 2
left_child=1 7 4 -4 5 -3 8 -1 9 12 11 -11 13 -7
right_child=-2 2 3 -5 -6 6 -8 -9 -10 10 -12 -13 -14 -15
leaf_value=-0.0067001810440361345 -0.015290720688641433 -0.055200512909921153 -0.011266291548693391 0.019334746479377243 0.018118024264774674 0.05540360648454571 -0.030312898950403046 0.0045913542161614748 -0.018868539913928117 -0.026939722958908403 0.01725554720770419 0.021842079820416093 0.031825353903600112 -0.003685929069824255
leaf_weight=288.61502204323187 449.26693149236962 3.580062740482389 108.22557081840932 70.574669698253274 340.37559729721397 7.1869014091789714 8.1275597997009736 143.69202829711139 12.341837720014153 28.492950286716223 50.638517229817808 14.977954355068503 56.9178452109918 36.525006490759552
leaf_count=3641 8730 80 2458 354 2171 31 137 1529 145 400 442 132 428 402
internal_value=1.09529e-10 0.0058701 0.0110353 0.000812317 0.0143042 0.00837096 0.00942849 -0.00294705 0.0109883 0.0128805 0.00460478 -0.0101319 0.02062 0.00602929
internal_weight=1619.54 1170.27 737.964 178.8 559.164 218.789 215.209 432.307 207.081 194.739 94.1094 43.4709 100.63 43.7119
internal_count=21080 12350 7180 2812 4368 2197 2117 5170 1980 1835 974 532 861 433
is_linear=0
shrinkage=0.05


Tree=12
num_leaves=15
num_cat=0
split_feature=6 1 5 11 0 24 27 30 7 11 28 9 7 4
split_gain=53.4925 18.5299 8.51215 13.8091 4.6854 4.84215 5.30938 9.16533 5.5437 6.86332 5.38464 6.46135 4.68661 7.27402
threshold=1.0000000180025095e-35 4.5000000000000009 1.5000000000000002 0.22500000000000003 17.500000000000004 5.6100000000000003 1.0000000180025095e-35 1.0000000180025095e-35 2.9250000000000003 1.0000000180025095e-35 10.500000000000002 0.6100000000000001 14.930000000000001 3.5000000000000004
decision_type=2 2 2 2 2 2 2 2 2 2 2 2 2 2
left_child=1 -1 4 -4 5 -3 7 -7 -8 -10 11 -9 -6 -14
right_child=-2 2 3 -5 12 6 8 10 9 -11 -12 -13 13 -15
leaf_value=-0.0025445338934227762 -0.014589336042772792 -0.039783739394049056 -0.010358400399823334 0.018222278399744 0.011498892445624811 -0.045133221148412755 0.03651843193601477 0.037329227548089962 0.011643154021621648 -0.034779740784164341 -0.057294342012241706 -0.07059418579694314 0.028214842504388965 0.0046621149899027754
leaf_weight=426.12724703038111 451.19270657049492 5.4398822057992211 105.94394243368879 70.311499973759055 203.25935735413805 11.777532627806067 20.170250815339386 12.10128343477845 101.78387246513739 8.6374173564836365 2.3286032825708398 1.5663714623078693 136.94409082271159 43.098783322609961
leaf_count=5170 8730 89 2458 354 1421 199 143 106 1067 110 43 26 841 323
internal_value=-3.14748e-11 0.00572654 0.010599 0.00104295 0.0136775 0.00659946 0.00819273 -0.0116592 0.0124148 0.00801184 0.0129867 0.0249607 0.0167023 0.0225768
internal_weight=1600.68 1149.49 723.363 176.255 547.107 163.805 158.365 27.7738 130.592 110.421 15.9963 13.6677 383.302 180.043
internal_count=21080 12350 7180 2812 4368 1783 1694 374 1320 1177 175 132 2585 1164
is_linear=0
shrinkage=0.05


Tree=13
num_leaves=15
num_cat=0
split_feature=6 2 5 11 4 0 24 2 5 11 11 23 7 2
split_gain=48.4399 18.2551 9.01162 11.6032 6.80427 5.62314 4.73145 7.40586 7.19894 4.6474 4.47902 5.21045 4.82113 7.9309
threshold=1.0000000180025095e-35 3.5000000000000004 1.5000000000000002 0.22500000000000003 4.5000000000000009 16.500000000000004 10.985000000000001 11.500000000000002 4.5000000000000009 1.1250000000000002 1.0000000180025095e-35 423945429.44000006 31.040000000000003 7.5000000000000009
decision_type=2 2 2 2 2 2 2 2 2 2 2 2 2 2
left_child=1 4 10 -4 -1 -6 -5 -8 9 -9 11 12 -3 -14
right_child=-2 2 3 6 5 -7 7 8 -10 -11 -12 -13 13 -15
leaf_value=-0.0027719916114495955 -0.013848574693565836 0.014867496819637602 -0.0094860896504205747 0.037227486939898392 -0.097354641479088622 0.073408240962276494 -0.0077206907046981875 0.045343844260467552 -0.08832374708247881 -0.077906531540993168 0.022673720333665048 -0.040300167146832544 -0.015140099845735271 0.019416849074266856
leaf_weight=456.86061703180894 451.52047776943073 306.97613458614796 104.8781445203349 20.300399363040924 0.5391571968793859 4.5550600066781044 28.649267993867397 17.46875365450979 1.1634951531887043 0.7998664528131475 118.77982362313196 4.7846719436347476 37.658714857883751 29.695516429841518
leaf_count=5703 8730 2402 2409 81 6 9 178 67 16 3 676 83 526 191
internal_value=1.16851e-11 0.00551837 0.0107836 0.000962015 -0.00213121 0.0553352 0.0169864 0.00844047 0.0322673 0.0399475 0.0142013 0.0115468 0.0122095 9.55643e-05
internal_weight=1584.63 1133.11 671.155 173.26 461.955 5.09422 68.3818 48.0814 19.4321 18.2686 497.895 379.115 374.33 67.3542
internal_count=21080 12350 6632 2754 5718 15 345 264 86 70 3878 3202 3119 717
is_linear=0
shrinkage=0.05


Tree=14
num_leaves=15
num_cat=0
split_feature=6 1 5 11 3 8 7 11 10 3 21 24 4 7
split_gain=45.1599 17.0842 9.19127 13.1179 7.63331 9.36862 5.42488 4.43431 4.38555 5.88533 5.49802 4.75268 4.27125 4.26038
threshold=1.0000000180025095e-35 2.5000000000000004 1.5000000000000002 0.22500000000000003 1.5000000000000002 0.97500000000000009 2.8600000000000003 0.35000000000000009 1.0000000180025095e-35 2.5000000000000004 950442.97000000009 24.115000000000006 4.5000000000000009 2.0350000000000006
decision_type=2 2 2 2 2 2 2 2 2 2 2 2 2 2
left_child=1 7 4 -4 5 6 13 -1 9 10 -6 12 -11 -3
right_child=-2 2 3 -5 8 -7 -8 -9 -10 11 -12 -13 -14 -15
leaf_value=-0.0065854860282308515 -0.013339906953991962 -0.0012345109203346256 -0.011074347749869611 0.016201642316477232 0.058606589709101743 0.074019851011969881 -0.0035895638138926629 0.035825934248657293 0.013356638612970637 0.04810833247214974 -0.048959317045335182 -0.064061875768293877 -0.04293462575875745 0.044798842295206212
leaf_weight=262.98536283662543 452.00497794244438 9.1221560835838336 118.0146384309046 70.36083853431046 1.7181197497993697 4.4018987785093477 134.55147021636367 6.3110100068151942 467.06274824496359 27.945770084857948 3.8497632648795843 1.0559020610526193 1.3505124934017647 11.194133956916628
leaf_count=3254 8730 103 2679 371 10 20 1707 38 3869 151 51 13 8 76
internal_value=-2.17953e-11 0.00538403 0.00885874 -0.000886389 0.0116307 0.00209123 4.67609e-05 -0.00559157 0.0146514 0.0314868 -0.015767 0.0401552 0.0439114 0.0241295
internal_weight=1571.93 1119.92 850.628 188.375 662.252 159.27 154.868 269.296 502.983 35.9201 5.56788 30.3522 29.2963 20.3163
internal_count=21080 12350 9058 3050 6008 1906 1886 3292 4102 233 61 172 159 179
is_linear=0
shrinkage=0.05


Tree=15
num_leaves=15
num_cat=0
split_feature=6 1 5 11 3 1 1 0 5 7 27 24 8 26
split_gain=45.9537 16.5117 9.35868 13.1853 7.24438 5.20002 4.85561 4.53402 6.21417 4.97182 4.81388 4.50497 5.58995 5.6543
threshold=1.0000000180025095e-35 1.5000000000000002 1.5000000000000002 0.55000000000000016 1.5000000000000002 11.500000000000002 14.500000000000002 43.500000000000007 3.5000000000000004 3.1400000000000006 2.5000000000000004 13.010000000000002 0.65150000000000008 0.83000000000000018
decision_type=2 2 2 2 2 2 2 2 2 2 2 2 2 2
left_child=1 11 4 5 6 -4 -3 8 9 -5 -9 -1 -13 -14
right_child=-2 2 3 7 -6 -7 -8 10 -10 -11 -12 12 13 -15
leaf_value=-0.020779347510160313 -0.013368269800142685 0.001837597286399648 -0.016913689426717001 -0.043222011004510751 0.013762395006283422 0.0026577077427550784 0.06460464526368323 0.069002542341197737 -0.057720118350851217 0.024214188397305242 -0.0018230044255899411 -0.019251410048585268 0.007200943698811222 -0.053644918602098884
leaf_weight=53.597451878711581 455.26551112625748 205.7706825369969 87.883651780895889 2.9973010905086985 533.12527225725353 55.292093513999134 3.1280430890619746 8.1502354331314546 2.9212537482380858 31.017752017825842 3.3999656029045573 37.410767843946815 76.208634926937521 4.0195730580016962
leaf_count=838 8730 2546 1715 21 4411 1178 7 24 25 138 21 532 816 78
internal_value=-5.28841e-11 0.00550818 0.00812575 -0.00172383 0.0106699 -0.00935554 0.00277747 0.0208119 0.0122618 0.0182719 0.048154 -0.00876441 -0.00329028 0.00415246
internal_weight=1560.19 1104.92 933.686 191.662 742.024 143.176 208.899 48.4865 36.9363 34.0151 11.5502 171.236 117.639 80.2282
internal_count=21080 12350 10086 3122 6964 2893 2553 229 184 159 45 2264 1426 894
is_linear=0
shrinkage=0.05


Tree=16
num_leaves=15
num_cat=0
split_feature=6 1 5 11 0 8 6 3 11 9 8 9 28 20
split_gain=44.0121 13.1238 7.17347 10.8248 4.21846 4.41372 4.01742 3.97193 3.9307 4.1898 3.78924 3.7187 3.70455 4.22981
threshold=1.0000000180025095e-35 4.5000000000000009 1.5000000000000002 0.22500000000000003 20.500000000000004 0.45950000000000008 1.5000000000000002 4.5000000000000009 1.0000000180025095e-35 0.64350000000000007 0.44000000000000006 0.72800000000000009 5.5000000000000009 216608.19000000003
decision_type=2 2 2 2 2 2 2 2 2 2 2 2 2 2
left_child=1 -1 4 -4 5 -3 -2 -7 -8 -10 -5 -6 -13 -14
right_child=6 2 3 10 11 7 8 -9 9 -11 -12 12 13 -15
leaf_value=-0.0017906544078702181 -0.0097528431477059245 -0.021596440068301151 -0.0098163751355311215 -0.049218411926009842 0.017057081566585464 0.010393562845344364 -0.02513457259447038 -0.022636839255148498 -0.013801696227234829 0.029013431046510458 0.018775814858973339 0.063131602603517814 0.066735038228426816 -0.046770593221992431
leaf_weight=397.1545364712365 308.71729283872992 12.62372275162488 99.947676911018789 2.1192335002124301 303.79732685443014 196.26635130355135 103.55507410783321 9.5441090324893576 39.017940086312592 6.6943283984437576 61.854331437498331 1.2228452768176774 0.9508753828704356 5.9991001654416323
leaf_count=5170 5637 260 2458 20 1909 1963 2337 171 672 84 334 9 4 52
internal_value=-3.26859e-10 0.00545862 0.0096052 0.000463249 0.0124305 0.00710159 -0.0130091 0.00886183 -0.0197438 -0.00753164 0.0165234 0.0161617 -0.0171207 -0.0312411
internal_weight=1549.46 1091.48 694.326 163.921 530.404 218.434 457.985 205.81 149.267 45.7123 63.9736 311.97 8.17282 6.94998
internal_count=21080 12350 7180 2812 4368 2394 8730 2134 3093 756 354 1974 65 56
is_linear=0
shrinkage=0.05


Tree=17
num_leaves=15
num_cat=0
split_feature=6 2 5 11 4 1 1 8 7 29 25 1 20 7
split_gain=42.8171 13.2123 7.03832 9.83684 5.48221 3.62185 4.61347 4.64454 3.60365 4.8372 5.08209 6.06822 4.02065 3.47
threshold=1.0000000180025095e-35 3.5000000000000004 1.5000000000000002 0.22500000000000003 4.5000000000000009 14.500000000000002 15.500000000000002 0.56950000000000001 2.8600000000000003 1.0000000180025095e-35 1.0000000180025095e-35 8.5000000000000018 258018.22500000003 1.2500000000000002
decision_type=2 2 2 2 2 2 2 2 2 2 2 2 2 2
left_child=1 4 13 -4 5 8 7 -7 9 12 -11 -12 -1 -3
right_child=-2 2 3 -5 -6 6 -8 -9 -10 10 11 -13 -14 -15
leaf_value=-0.052436971579427394 -0.013019655828894493 -0.033657088117386755 -0.0090047137803337483 0.016513145556699527 0.054838178366113557 -0.090734139126561156 -0.027066179202476205 0.078442724939566749 -0.0039850781751142742 0.052167365397704314 -0.052574468077224427 0.066551649273588961 0.026850846455007987 0.013223131826112495
leaf_weight=1.6972556523978735 447.35812271106988 3.9794931281357995 98.669676260557026 61.185898870229721 4.2952065616846076 0.44897399097680946 2.1044303383678198 4.2087760493159294 385.62299833679572 2.1047566141933176 7.1347798947244883 1.2574274688959119 27.593239817302674 486.6451661568135
leaf_count=34 8730 41 2409 345 15 4 12 11 5226 23 117 6 270 3837
internal_value=2.52306e-11 0.00535853 0.00987411 0.000762435 -0.00137116 -0.0019298 0.0343753 0.0621353 -0.00250689 0.0118198 -0.0173025 -0.0347255 0.0222565 0.0128429
internal_weight=1534.31 1086.95 650.48 159.856 436.468 432.173 6.76218 4.65775 425.41 39.7875 10.497 8.39221 29.2905 490.625
internal_count=21080 12350 6632 2754 5718 5703 27 15 5676 450 146 123 304 3878
is_linear=0
shrinkage=0.05


Tree=18
num_leaves=15
num_cat=0
split_feature=6 0 5 11 1 9 9 27 21 22 9 9 4 2
split_gain=40.4041 12.1051 6.30745 8.11506 5.13189 6.33276 5.89844 5.16247 5.78526 5.74842 5.57891 4.87469 5.41293 5.42717
threshold=1.0000000180025095e-35 20.500000000000004 1.5000000000000002 0.22500000000000003 1.5000000000000002 0.35150000000000003 0.38850000000000007 1.5000000000000002 10069032.545000002 5968187.455000001 0.35250000000000004 0.43500000000000005 2.5000000000000004 6.5000000000000009
decision_type=2 2 2 2 2 2 2 2 2 2 2 2 2 2
left_child=1 4 -3 -4 -1 -6 7 8 -7 -9 -10 12 13 -8
right_child=-2 2 3 -5 5 6 11 9 10 -11 -12 -13 -14 -15
leaf_value=-0.006889620513013288 -0.012604495920468342 0.015471864242079482 -0.0080914117060764939 0.016439224795175143 -0.014241404293062133 0.050004427231785137 -0.0028969758559840375 -0.047497034820191214 0.089081554785547759 0.017006123076709231 -0.050340460459935898 0.0052926282092635481 -0.074180049473026019 -0.083177252323656151
leaf_weight=162.01724432082847 448.64904957078397 311.05700983759016 77.357896036468446 59.758230973035097 45.658840768504888 19.35161403845996 36.333740651607513 4.1878176666796234 0.94620023295283262 19.712726391851902 2.9686320368200541 330.68552390718833 3.3095286004245272 2.2346925102174273
leaf_count=2264 8730 1978 2019 331 813 161 486 82 2 227 49 3844 61 33
internal_value=-3.06948e-11 0.00525763 0.0115337 0.00259958 0.000774488 0.00344261 0.00536631 0.0220248 0.0387903 0.00570398 -0.0166427 0.00325733 -0.0128142 -0.00754849
internal_weight=1524.23 1075.58 448.173 137.116 627.407 465.389 419.73 47.167 23.2664 23.9005 3.91483 372.563 41.878 38.5684
internal_count=21080 12350 4328 2350 8022 5758 4945 521 212 309 51 4424 580 519
is_linear=0
shrinkage=0.05


Tree=19
num_leaves=15
num_cat=0
split_feature=6 3 5 11 7 24 24 8 21 8 0 32 9 9
split_gain=40.2434 11.3504 7.01715 10.1873 5.6792 5.74465 5.8526 4.64577 4.59903 6.80551 4.40487 5.39057 8.96189 4.97614
threshold=1.0000000180025095e-35 1.5000000000000002 1.5000000000000002 0.55000000000000016 2.8600000000000003 15.315000000000003 20.220000000000002 0.54400000000000015 976851.91000000003 0.97500000000000009 15.500000000000002 1.0000000180025095e-35 0.59000000000000008 0.35000000000000003
decision_type=2 2 2 2 2 2 2 2 2 2 2 2 2 2
left_child=1 4 10 -4 5 -1 -7 -5 9 -6 11 -3 13 -13
right_child=-2 2 3 7 8 6 -8 -9 -10 -11 -12 12 -14 -15
leaf_value=-0.0083179217751985033 -0.012541129133236253 -0.0057385368561476968 -0.00801367846284585 -0.033894894009461607 -0.021278712188820086 0.044110822695525152 -0.01851608161359811 0.025370644124108895 -0.0013638860814921437 0.05724524452205753 0.014506827484084803 -0.025953457797105724 -0.02646778383995951 0.023066657782302654
leaf_weight=14.565081128384916 449.845735788811 70.021188686601818 115.70832781819627 3.6075705140829077 52.737669144757092 18.777173480950299 4.6554006831720463 39.646732028573751 265.93911568867043 2.9116235934197894 390.11929649952799 5.5950054051354519 12.411320417188106 69.306612016633153
leaf_count=209 8730 928 2527 36 857 141 68 180 3605 18 2813 108 192 668
internal_value=9.2052e-11 0.00529227 0.00897328 -0.000274684 -0.00193917 0.0163412 0.0316686 0.0204277 -0.0040991 -0.0171703 0.0116586 0.00459622 0.0128843 0.019405
internal_weight=1515.85 1066 706.416 158.963 359.586 37.9977 23.4326 43.2543 321.588 55.6493 547.453 157.334 87.3129 74.9016
internal_count=21080 12350 7452 2743 4898 418 209 216 4480 875 4709 1896 968 776
is_linear=0
shrinkage=0.05


Tree=20
num_leaves=15
num_cat=0
split_feature=6 3 5 11 24 11 7 0 28 3 6 20 1 23
split_gain=38.2546 9.93665 6.55629 7.64254 4.22988 6.36958 10.3548 5.71699 5.31086 5.22051 4.02334 4.0018 3.88212 4.07501
threshold=1.0000000180025095e-35 1.5000000000000002 1.5000000000000002 0.55000000000000016 7.4300000000000006 0.67500000000000016 6.5600000000000014 42.500000000000007 9.5000000000000018 7.5000000000000009 2.5000000000000004 5804622.6000000006 11.500000000000002 13071575.890000002
decision_type=2 2 2 2 2 2 2 2 2 2 2 2 2 2
left_child=1 -1 -3 12 -5 6 -6 8 11 -8 -2 -7 13 -4
right_child=10 2 3 4 5 7 9 -9 -10 -11 -12 -13 -14 -15
leaf_value=-0.0016022688338369097 -0.010754241076782918 0.011269670325012426 0.022633899851410462 0.051366254732565841 -0.0725216575129706 -0.025373582245420575 0.061613084160189006 0.030055690524363798 -0.080836305898459956 -0.016924007227069285 -0.027953697533643282 0.060112399334835101 0.0034976361558059972 -0.019276618926828384
leaf_weight=354.46840085275471 415.39997789380141 543.4286801549606 6.43937188014388 7.6807972453534594 2.0448713824152973 6.8987431190907973 11.917938668280838 5.9562841691076747 3.5855305865406981 2.5727029815316191 37.03264513053 1.7079330794513223 49.327222175896168 58.406122018583119
leaf_count=4898 7852 4709 125 25 19 50 37 30 33 15 878 7 1131 1271
internal_value=-6.26802e-11 0.00521845 0.00867251 -0.000343672 0.017793 0.0103582 0.0328059 -0.0100944 -0.0297091 0.0476694 -0.0121621 -0.0084095 -0.00707346 -0.0151148
internal_weight=1506.87 1054.43 699.966 156.538 42.3648 34.684 16.5355 18.1485 12.1922 14.4906 452.433 8.60668 114.173 64.8455
internal_count=21080 12350 7452 2743 216 191 71 120 90 52 8730 57 2527 1396
is_linear=0
shrinkage=0.05


Tree=21
num_leaves=15
num_cat=0
split_feature=6 1 5 11 0 9 8 9 3 23 5 30 26 32
split_gain=35.4779 10.55 6.37641 7.30372 6.77306 5.29052 7.16077 4.88115 5.19744 4.81122 4.7712 7.88781 8.56826 6.40573
threshold=1.0000000180025095e-35 11.500000000000002 1.5000000000000002 0.55000000000000016 13.500000000000002 0.64350000000000007 0.71650000000000003 0.59550000000000003 2.5000000000000004 16536483.800000003 1.0000000180025095e-35 1.0000000180025095e-35 0.49500000000000005 1.0000000180025095e-35
decision_type=2 2 2 2 2 2 2 2 2 2 2 2 2 2
left_child=1 2 4 -4 -1 7 -7 10 -9 -8 11 13 -13 -3
right_child=-2 5 3 -5 -6 6 9 8 -10 -11 -12 12 -14 -15
leaf_value=-0.00025676202889267483 -0.011714385445697448 0.056145964538684034 -0.015509704413207773 0.019300695170410706 0.0097158324947484841 -0.069978337041242386 -0.0085815817588598166 0.044400664239725635 -0.031943023612358144 0.046358869510532627 0.0082569013567809265 -0.04043518419236574 0.028629426509949388 0.01640278716818842
leaf_weight=401.66055745724589 451.75707432371564 21.508141627535224 85.007646524347365 18.31483069807291 295.52894502924755 1.6123235169798125 4.6912812571972635 2.7676141094416371 11.463454418815671 26.462191008031368 142.47679364541546 8.1139182681217807 10.05697291344404 19.179996090009809
leaf_count=5538 8730 90 1768 104 2530 29 51 15 165 196 1626 68 47 123
internal_value=1.00861e-10 0.00504561 0.00225259 -0.00933925 0.00397048 0.014049 0.032768 0.0112038 -0.0170959 0.0380856 0.0132041 0.0251795 -0.00221026 0.0374114
internal_weight=1500.6 1048.84 800.512 103.322 697.19 248.333 32.7658 215.567 14.2311 31.1535 201.336 58.859 18.1709 40.6881
internal_count=21080 12350 9940 1872 8068 2410 276 2134 180 247 1954 328 115 213
is_linear=0
shrinkage=0.05


Tree=22
num_leaves=15
num_cat=0
split_feature=6 1 5 5 1 11 2 4 7 24 8 8 31 7
split_gain=33.4562 13.1071 7.42614 5.31823 7.01061 5.80638 5.11755 5.44668 6.53725 5.29767 4.70447 7.55862 8.77684 6.70994
threshold=1.0000000180025095e-35 11.500000000000002 1.0000000180025095e-35 1.5000000000000002 1.5000000000000002 0.55000000000000016 16.500000000000004 4.5000000000000009 79.040000000000006 12.720000000000002 0.85500000000000009 0.81800000000000006 1.0000000180025095e-35 23.500000000000004
decision_type=2 2 2 2 2 2 2 2 2 2 2 2 2 2
left_child=1 3 6 4 -1 -5 7 -3 9 -9 11 -6 -13 -12
right_child=-2 2 -4 5 10 -7 -8 8 -10 -11 13 12 -14 -15
leaf_value=-0.0062823235337056069 -0.011362985536685251 0.035984669708163733 0.0094713731453288583 -0.014646416390434631 0.005452740489465209 0.016559402852605636 -0.062750682946094483 -0.060028905119306697 0.079712531747900883 0.028410984781426354 -0.029715084174656251 0.045019261558324572 -0.00095026670082381094 0.0093564292031929966
leaf_weight=148.31928057549521 451.83430946385488 60.666757095605135 174.87390631204471 81.885200006887317 459.63941950723529 18.223966341465712 1.4999233912676562 4.5168520240113121 1.7961538005620239 2.7087277546525002 21.46099076140672 26.791272136382759 16.954221836291254 22.518376015126705
leaf_count=2210 8730 315 2013 1768 5001 104 16 41 6 19 305 171 184 197
internal_value=-4.37836e-11 0.00492793 0.0150134 0.00180945 0.00336 -0.00896568 0.0286275 0.0305942 -0.00565391 -0.0268745 0.00597277 0.0073429 0.0272031 -0.00970963
internal_weight=1493.69 1041.86 246.062 795.793 695.684 100.109 71.1884 69.6885 9.02173 7.22558 547.364 503.385 43.7455 43.9794
internal_count=21080 12350 2410 9940 8068 1872 397 381 66 60 5858 5356 355 502
is_linear=0
shrinkage=0.05


Tree=23
num_leaves=15
num_cat=0
split_feature=6 1 5 5 1 11 24 3 22 9 21 6 4 21
split_gain=33.8981 12.6168 7.55845 5.21567 6.75972 5.36966 4.58642 4.56339 5.6668 6.69398 4.9207 4.03566 3.90134 3.87067
threshold=1.0000000180025095e-35 11.500000000000002 1.0000000180025095e-35 1.5000000000000002 1.5000000000000002 0.55000000000000016 10.725000000000001 4.5000000000000009 111924169.22000001 0.55150000000000021 4138259.5750000007 1.5000000000000002 3.5000000000000004 3951850.8850000002
decision_type=2 2 2 2 2 2 2 2 2 2 2 2 2 2
left_child=1 3 -3 4 6 -5 -1 8 9 12 -11 -2 -4 -7
right_child=11 2 7 5 -6 13 -8 -9 -10 10 -12 -13 -14 -15
leaf_value=-0.025166516807943153 -0.0082041092695366771 0.02869354908675591 -0.009338470271950932 -0.014501989642563232 0.006007506438382439 -0.014459054089270316 -0.0019850055052966797 0.015951473507216034 0.054822205748072762 0.03269095480909983 -0.010591182297829221 -0.018366442765260151 -0.048312993472797647 0.033115397029345225
leaf_weight=25.98249043431133 311.26802469743416 70.724869856610894 30.686505910940468 79.567236901260912 544.74744627485052 6.787194304168227 119.33433972252533 104.34116183361039 4.3380861449986687 15.961952123790981 11.156520082615314 142.3816331513226 8.1198281366378051 11.552817866206167
leaf_count=490 5637 397 396 1768 5858 47 1720 1171 23 134 125 3093 164 57
internal_value=-5.02866e-11 0.00500215 0.0149039 0.00191931 0.00345157 -0.00888028 -0.00612983 0.00931829 -0.00053206 -0.00417457 0.0148847 -0.0113936 -0.0174935 0.0155092
internal_weight=1486.95 1033.3 245.329 787.972 690.064 97.9072 145.317 174.604 70.2629 65.9248 27.1185 453.65 38.8063 18.34
internal_count=21080 12350 2410 9940 8068 1872 2210 2013 842 819 259 8730 560 104
is_linear=0
shrinkage=0.05


Tree=24
num_leaves=15
num_cat=0
split_feature=6 0 9 5 24 5 1 24 20 2 9 10 4 3
split_gain=32.7188 11.9456 7.60684 7.51861 6.57353 5.87558 5.55738 5.21422 4.8027 4.68028 4.58102 4.94121 3.88956 3.84346
threshold=1.0000000180025095e-35 15.500000000000002 0.63450000000000017 1.0000000180025095e-35 21.98 1.5000000000000002 14.500000000000002 10.485000000000001 1377559.4550000003 3.5000000000000004 0.61250000000000016 1.0000000180025095e-35 6.5000000000000009 8.5000000000000018
decision_type=2 2 2 2 2 2 2 2 2 2 2 2 2 2
left_child=1 -1 5 4 7 10 13 8 -4 -9 11 -3 -8 -5
right_child=-2 2 3 6 -6 -7 12 9 -10 -11 -12 -13 -14 -15
leaf_value=-0.00099553501371039618 -0.011152754942400379 0.031885633297259137 0.046223716072470812 0.0049440713845101299 -0.060179086310762964 -0.0021675857611725977 0.039011150574713056 -0.08121504048219004 -0.050756341540503694 0.057703950961687657 -0.023205313366438121 0.0097496083737429722 -0.087080287119402425 -0.073409838817366374
leaf_weight=462.43106120312586 455.27866453211755 27.458170715719461 2.6604133248329154 39.604651741683483 1.5224128756672133 122.47641111072153 18.02761238953099 0.62010695226490753 2.4543537851423025 27.232449185103178 9.7500287517905218 307.91080135013908 0.63308009877800842 1.6294920966029156
leaf_count=6497 8730 154 16 430 13 2359 156 14 30 112 98 2418 16 37
internal_value=-1.09637e-10 0.00495662 0.0098544 0.0228022 0.041399 0.00724088 0.0120935 0.0460898 -0.000312786 0.0546111 0.0105798 0.011562 0.0347334 0.00184768
internal_weight=1479.69 1024.41 561.98 94.3846 34.4897 467.595 59.8948 32.9673 5.11477 27.8526 345.119 335.369 18.6607 41.2341
internal_count=21080 12350 5853 824 185 5029 639 172 46 126 2670 2572 172 467
is_linear=0
shrinkage=0.05


Tree=25
num_leaves=15
num_cat=0
split_feature=6 0 5 9 23 1 8 0 28 11 0 8 17 28
split_gain=30.5759 11.778 6.70088 8.06356 7.01744 5.79717 6.65735 5.85798 7.59704 5.63773 4.63743 4.5435 4.32061 9.99522
threshold=1.0000000180025095e-35 17.500000000000004 1.0000000180025095e-35 0.63450000000000017 12882202.015000002 10.500000000000002 0.81500000000000006 31.500000000000004 6.5000000000000009 0.35000000000000009 19.500000000000004 0.75100000000000011 2.5000000000000004 9.5000000000000018
decision_type=2 2 2 2 2 2 2 2 2 2 2 2 2 2
left_child=1 -1 3 4 10 6 7 8 -6 -10 11 -3 -5 -14
right_child=-2 2 -4 12 5 -7 -8 -9 9 -11 -12 -13 13 -15
leaf_value=-0.00049778046208774878 -0.010774647234859575 -0.065138471504507564 0.0065831337365082707 0.053327033183989118 0.014678102537067781 0.017585968646446442 0.038592795970590565 0.090221372226293658 -0.051038090711182926 0.018754023825416202 0.049648251211101162 0.09202987307078915 -0.063403316935888618 0.048002112988679006
leaf_weight=514.50548587599769 454.93152804113925 1.7819047309458285 357.25710166152567 22.60480765812099 9.7367559634149128 56.21205279417336 6.4268172308802596 1.2178845554590214 16.826468321494762 3.4944801591336718 16.985830288380384 0.61976971477270115 2.9403467029333132 6.3861708492040634
leaf_count=7128 8730 27 4222 90 73 374 37 4 237 21 78 4 26 29
internal_value=-5.77186e-11 0.00481981 0.0102645 0.0193204 0.0130659 0.00741221 -0.00775627 -0.0172805 -0.0216363 -0.0390363 0.040453 -0.02458 0.0415131 0.0128796
internal_weight=1471.93 1017 502.49 145.233 113.302 93.9145 37.7024 31.2756 30.0577 20.3209 19.3875 2.40167 31.9313 9.32652
internal_count=21080 12350 5222 1000 855 746 372 335 331 258 109 31 145 55
is_linear=0
shrinkage=0.05


Tree=26
num_leaves=15
num_cat=0
split_feature=6 0 5 9 23 24 9 4 20 2 7 16 8 0
split_gain=29.303 12.4963 8.17157 4.59548 6.49556 4.36706 4.18443 4.03995 3.83851 3.81716 6.67245 6.35964 4.4433 3.95374
threshold=1.0000000180025095e-35 17.500000000000004 1.0000000180025095e-35 0.63450000000000017 12882202.015000002 21.98 0.32150000000000006 4.5000000000000009 7230203.4300000006 6.5000000000000009 10.330000000000002 2.5000000000000004 0.6885 22.500000000000004
decision_type=2 2 2 2 2 2 2 2 2 2 2 2 2 2
left_child=1 6 3 4 -3 7 -1 8 -5 13 11 12 -11 -6
right_child=-2 2 -4 5 9 -7 -8 -9 -10 10 -12 -13 -14 -15
leaf_value=-0.018145785678050998 -0.010540702856616548 0.042217631692574441 0.0063186868613451137 0.045968912379501396 -0.018563618606056088 -0.082311355418806895 0.0004355222045299837 -0.053284753221636977 -0.086622119547603155 0.042767468935432755 0.029374939557149884 -0.035772425509700147 -0.025509507871540445 0.017422397260510203
leaf_weight=32.333586536347866 454.88613231340423 19.075078598223627 355.36065751779824 29.52072817273439 18.749396482482556 0.74666379205882449 481.42412216262892 1.1178835853934277 0.55613470077514549 7.2624592743814009 40.013318249955773 9.4607427157461625 3.546464528888464 12.873406687751411
leaf_count=655 8730 109 4222 118 234 11 6473 11 5 45 253 95 37 82
internal_value=-1.53348e-12 0.00473777 0.0103794 0.0204758 0.0156659 0.037188 -0.000733901 0.0400483 0.0435172 0.0101551 0.0175354 -0.00583657 0.0203654 -0.00391398
internal_weight=1466.93 1012.04 498.283 142.922 110.981 31.9414 513.758 31.1947 30.0769 91.9058 60.283 20.2697 10.8089 31.6228
internal_count=21080 12350 5222 1000 855 145 7128 134 123 746 430 177 82 316
is_linear=0
shrinkage=0.05


Tree=27
num_leaves=15
num_cat=0
split_feature=6 0 5 11 24 11 22 1 6 2 11 0 8 0
split_gain=27.7301 12.6917 8.32061 4.67908 4.242 7.30826 6.1374 3.8349 3.78641 3.76891 3.74064 3.51746 5.80877 8.75351
threshold=1.0000000180025095e-35 15.500000000000002 1.5000000000000002 0.55000000000000016 10.425000000000002 0.67500000000000016 17349286.770000003 15.500000000000002 2.5000000000000004 12.500000000000002 1.0000000180025095e-35 26.500000000000004 0.81500000000000006 25.500000000000004
decision_type=2 2 2 2 2 2 2 2 2 2 2 2 2 2
left_child=1 -1 11 -4 -5 9 7 -7 10 -6 -2 12 13 -3
right_child=8 2 3 4 5 6 -8 -9 -10 -11 -12 -13 -14 -15
leaf_value=-0.0015080370153510644 -0.011233575785507169 0.0083858497769305901 -0.0057003490303719519 0.039364208069912102 0.0066330734827376031 -0.031952476907758327 -0.071695895544661353 0.035230918129635518 -0.025643769605019479 0.060440061395051183 0.00064213730068603974 0.019637075814551389 0.024816083000932746 -0.041030692593122066
leaf_weight=458.37198046222329 335.97241693548858 192.35229122778401 108.74523157207295 11.933445829898117 7.7181115206331032 4.2972174137830716 4.3635750338435164 4.200197197496891 36.678279618732631 5.6272849179804325 82.612668280024081 147.40237306710333 52.063561446964741 9.3993373028933984
leaf_count=6497 6265 1665 2532 50 50 44 39 22 878 16 1587 1034 297 104
internal_value=-6.91005e-11 0.0046317 0.0097663 -0.00041534 0.0146534 0.003401 -0.0234959 0.00125568 -0.0102396 0.0293216 -0.00888976 0.0134938 0.00992608 0.0060836
internal_weight=1461.74 1006.47 548.103 146.885 38.1398 26.2064 12.861 8.49741 455.263 13.3454 418.585 401.218 253.815 201.752
internal_count=21080 12350 5853 2753 221 171 105 66 8730 66 7852 3100 2066 1769
is_linear=0
shrinkage=0.05


Tree=28
num_leaves=15
num_cat=0
split_feature=6 0 5 11 24 2 5 31 6 2 28 7 9 8
split_gain=27.5197 11.8961 7.63951 4.61567 3.48117 4.21156 4.39892 3.48884 3.02732 3.49181 3.91083 5.33491 3.2583 4.07312
threshold=1.0000000180025095e-35 15.500000000000002 1.5000000000000002 0.55000000000000016 10.425000000000002 11.500000000000002 4.5000000000000009 1.0000000180025095e-35 1.5000000000000002 1.0000000180025095e-35 11.500000000000002 27.605 0.64350000000000007 0.69950000000000012
decision_type=2 2 2 2 2 2 2 2 2 2 2 2 2 2
left_child=1 -1 -3 -4 -5 -6 7 -7 9 10 -2 -12 -10 -14
right_child=8 2 3 4 5 6 -8 -9 12 -11 11 -13 13 -15
leaf_value=-0.0013176795122308374 -0.048873463121642986 0.013162172550306873 -0.0053915388724222694 0.037911570507938121 -0.013314349262530008 0.0536909773090316 -0.088947127656433797 -0.019353909122812964 -0.01958976082138009 -0.0065612443479181708 -0.086819225343992446 0.077256616357872357 0.085643355687644501 -0.0036287239669892239
leaf_weight=460.88289967132732 9.3150901626795513 399.60273860627785 108.58409295789897 11.540669012814758 13.991955548524858 7.5142685472965205 0.73709728941321451 2.0892207063734531 117.56379324477166 300.27575568621978 0.73122084513306562 1.5363516733050344 1.3832443132996584 16.748748214449733
leaf_count=6497 113 3100 2532 50 118 30 9 14 2729 5501 14 9 9 355
internal_value=-2.54682e-10 0.00459289 0.00959984 -0.000254422 0.015295 0.00456826 0.0287654 0.0378002 -0.0103129 -0.00760035 -0.0345388 0.0243473 -0.016547 0.00318162
internal_weight=1452.5 1004.94 544.06 144.457 35.8732 24.3325 10.3406 9.60349 447.554 311.858 11.5827 2.26757 135.696 18.132
internal_count=21080 12350 5853 2753 221 171 53 44 8730 5637 136 23 3093 364
is_linear=0
shrinkage=0.05


Tree=29
num_leaves=15
num_cat=0
split_feature=6 1 5 0 31 22 7 21 7 9 2 16 18 3
split_gain=27.2575 10.9004 5.56397 4.53825 4.14197 9.14693 8.99547 8.46095 5.68554 5.61437 4.63463 4.52449 4.75274 4.28384
threshold=1.0000000180025095e-35 4.5000000000000009 1.5000000000000002 26.500000000000004 1.0000000180025095e-35 47551371.82500001 48.490000000000009 8763760.8850000016 28.240000000000006 0.41950000000000004 3.5000000000000004 2.5000000000000004 1.5000000000000002 2.5000000000000004
decision_type=2 2 2 2 2 2 2 2 2 2 2 2 2 2
left_child=1 -1 3 -3 5 6 -5 9 10 -8 -6 -10 -13 -7
right_child=-2 2 -4 4 8 13 7 -9 11 -11 -12 12 -14 -15
leaf_value=-0.0023672793439654546 -0.010360949502589645 0.0078332267916906371 -0.0001239765231439914 -0.0094914015871415958 -0.088637951640059498 -0.091280062168832762 -0.028291203858735705 -0.072353742763063694 -0.042602545485490931 0.062507883981906417 0.033941984892315258 -0.031940498070838652 0.041296994265668241 0.056647993737793736
leaf_weight=363.11160508729517 440.9908169740811 344.18918251246214 145.34750188561156 45.042562173679471 0.78052199631929298 0.51199404895305534 2.0082935579121104 1.6214421093463887 4.6767252180725327 11.179555572569368 63.9436379019171 3.3158673308789712 6.6737121511250734 11.095016073435543
leaf_count=5170 8730 3334 2812 396 4 4 17 20 57 37 382 27 41 49
internal_value=9.39189e-13 0.00455316 0.00847718 0.0110026 0.0182339 0.00950105 0.00162332 0.0354288 0.0260944 0.0486807 0.0324638 -0.00201459 0.0169871 0.0501228
internal_weight=1444.49 1003.5 640.386 495.039 150.849 71.4589 59.8519 14.8093 79.3905 13.1878 64.7242 14.6663 9.98958 11.607
internal_count=21080 12350 7180 4368 1034 523 470 74 511 54 386 125 68 53
is_linear=0
shrinkage=0.05


Tree=30
num_leaves=15
num_cat=0
split_feature=6 1 5 11 2 0 24 9 2 25 6 20 8 27
split_gain=26.0345 11.9464 6.42783 4.36032 4.21809 4.87785 6.29154 4.41789 4.19554 4.68719 4.01578 3.87306 3.71717 4.79917
threshold=1.0000000180025095e-35 6.5000000000000009 1.5000000000000002 0.55000000000000016 13.500000000000002 34.500000000000007 14.325000000000001 0.57250000000000012 6.5000000000000009 0.75000000000000011 1.5000000000000002 8390527.1050000023 0.60950000000000004 3.5000000000000004
decision_type=2 2 2 2 2 2 2 2 2 2 2 2 2 2
left_child=1 8 4 -4 -3 7 -7 -6 11 -10 -2 -1 13 -5
right_child=10 2 3 12 5 6 -8 -9 9 -11 -12 -13 -14 -15
leaf_value=-0.0019294697307576656 -0.0070738198616849685 0.011762434197051773 -0.0053279626503884119 -0.062143739147781721 -0.052582626094753109 0.0079024447791582395 0.071028394069302211 0.048037580505380394 0.020373133210826622 -0.048856745015900663 -0.017589189671846757 -0.045187623603078875 0.02376431875639937 0.028474558638416747
leaf_weight=448.51608485961333 313.01695791026577 362.69915522355586 95.097491420805454 3.1532416660338631 2.6696668118238476 6.3586184196174171 10.407773394137619 1.8446913659572599 33.375600325874984 2.638184141367673 127.89124391041696 5.2347741732373825 26.75222322717309 2.7226367443799973
leaf_count=6314 5637 2932 2265 43 26 67 31 12 338 60 3093 103 142 17
internal_value=-8.15963e-11 0.00445718 0.00979978 8.33359e-05 0.0130318 0.0346667 0.047088 -0.0114664 -0.00112477 0.0153017 -0.0101239 -0.00242852 0.015855 -0.020155
internal_weight=1442.38 1001.47 511.705 127.726 383.98 21.2807 16.7664 4.51436 489.765 36.0138 440.908 453.751 32.6281 5.87588
internal_count=21080 12350 5535 2467 3068 136 98 38 6815 398 8730 6417 202 60
is_linear=0
shrinkage=0.05


Tree=31
num_leaves=15
num_cat=0
split_feature=6 0 5 2 26 22 21 11 24 0 0 21 6 24
split_gain=25.0589 11.4983 6.55118 4.35049 7.16892 4.48986 4.56089 4.59363 4.39635 3.9735 3.84892 4.92559 3.72213 3.61696
threshold=1.0000000180025095e-35 20.500000000000004 1.0000000180025095e-35 4.5000000000000009 1.0000000180025095e-35 17103809.430000003 3533694.8000000003 0.55000000000000016 21.865000000000006 19.500000000000004 22.500000000000004 720987.88000000012 1.5000000000000002 28.030000000000005
decision_type=2 2 2 2 2 2 2 2 2 2 2 2 2 2
left_child=1 3 10 9 8 -6 -7 -8 -5 -1 11 -3 -2 -4
right_child=12 2 13 4 5 6 7 -9 -10 -11 -12 -13 -14 -15
leaf_value=-0.0019228636336132005 -0.0070340424362249042 0.065503919564930804 0.0078083400836051788 -0.054331043758095415 0.022130853738684845 -0.059330195376162881 0.0074519109823459277 -0.085710389300395387 0.019740515001853056 -0.047644602239491608 0.025715654336798951 -0.0089599223167710733 -0.017213359653110837 -0.03070496831628676
leaf_weight=452.0746798417531 312.68688356876373 2.5640749782323864 297.04581215465441 6.9827763224020583 53.612612926401198 2.8464291822165242 60.266559183597565 1.3528736345469941 2.8090965449810028 4.8023843681439748 89.117372911423445 16.587682189419866 125.98727509146556 6.2239812761545172
leaf_count=6441 5637 9 3533 127 544 59 725 16 26 84 540 146 3093 100
internal_value=-7.09044e-11 0.0043844 0.0107872 -0.000121856 0.00803025 0.0114395 0.00254812 0.0054065 -0.0330814 -0.00240346 0.0213454 0.00100944 -0.00995754 0.00701793
internal_weight=1434.96 996.286 411.539 584.747 127.87 118.078 64.4659 61.6194 9.79187 456.877 108.269 19.1518 438.674 303.27
internal_count=21080 12350 4328 8022 1497 1344 800 741 153 6525 695 155 8730 3633
is_linear=0
shrinkage=0.05


Tree=32
num_leaves=15
num_cat=0
split_feature=6 0 5 6 9 1 8 21 2 5 23 31 7 8
split_gain=24.0687 10.5711 8.34538 3.74028 3.71701 3.89845 4.15464 6.15049 3.68345 3.80518 4.6985 8.81606 4.81792 3.69319
threshold=1.0000000180025095e-35 17.500000000000004 1.0000000180025095e-35 1.5000000000000002 0.32150000000000006 1.5000000000000002 0.84950000000000003 10769259.870000003 14.500000000000002 1.5000000000000002 12882202.015000002 1.0000000180025095e-35 47.360000000000007 0.68100000000000016
decision_type=2 2 2 2 2 2 2 2 2 2 2 2 2 2
left_child=1 4 -3 -2 -1 -6 -7 -8 9 10 11 12 13 -4
right_child=3 2 8 -5 5 6 7 -9 -10 -11 -12 -13 -14 -15
leaf_value=-0.017710372725282805 -0.0068434898631300053 0.019955067934619722 -0.056050186445631367 -0.017072177261846316 -0.0068044560435780851 0.0049272907487445698 -0.028093307104129335 0.022096233051725707 0.024708801439887271 -0.0030454215565010271 0.010748609783835499 -0.071712379174043481 0.043115224229376248 0.0060780383529394615
leaf_weight=30.328652179799974 312.83530795341358 138.51665794756263 3.6542682293802518 125.11645733052865 136.42239970527589 310.86052951216698 22.29631229816005 8.4052491262555105 23.143346020020545 119.09876890387386 183.86501911655068 5.0615701694041482 5.2748973537236443 6.9249890707433224
leaf_count=655 5637 1000 60 3093 2071 3928 377 97 302 2371 1328 79 28 54
internal_value=-1.71051e-11 0.00430335 0.00957957 -0.00976568 -0.000736484 0.000340528 0.00319429 -0.0143528 0.00543812 0.0040611 0.00819419 -0.0142611 0.00408072 -0.0153822
internal_weight=1431.8 993.853 485.54 437.952 508.313 477.984 341.562 30.7016 347.023 323.88 204.781 20.9157 15.8542 10.5793
internal_count=21080 12350 5222 8730 7128 6473 4402 474 4222 3920 1549 221 142 114
is_linear=0
shrinkage=0.05


Tree=33
num_leaves=15
num_cat=0
split_feature=6 1 3 5 21 5 7 7 21 6 0 5 2 9
split_gain=22.8752 9.97797 5.39155 5.90279 4.38957 4.08719 3.93544 5.21356 3.92721 3.83261 3.46316 3.4192 4.34571 8.26953
threshold=1.0000000180025095e-35 11.500000000000002 1.5000000000000002 1.5000000000000002 950442.97000000009 1.0000000180025095e-35 176.10500000000005 66.790000000000006 7654884.620000001 1.5000000000000002 24.500000000000004 1.0000000180025095e-35 2.5000000000000004 0.46150000000000008
decision_type=2 2 2 2 2 2 2 2 2 2 2 2 2 2
left_child=1 2 4 6 -1 -3 7 -4 10 -2 -9 12 -6 -14
right_child=9 5 3 -5 11 -7 -8 8 -10 -11 -12 -13 13 -15
leaf_value=-0.017188070523731568 -0.0065095261610582465 0.023577872089479587 0.008540817882136854 -0.0078907492280809247 -0.0010197274864685599 0.0090013312696399974 0.061954346320880052 -0.020295984960046018 -0.061190278263946643 -0.016821601523716145 0.045418127976561085 -0.0080615431038290036 -0.021183782297930387 0.030971896420660977
leaf_weight=49.006403401494026 315.54097733600065 69.003032181411982 341.57362708263099 72.502874936908484 129.74060734221712 158.67481179628521 3.3170944256708017 8.8744417838752252 4.3623927682638159 126.11685943230987 2.5900530219078055 104.46635352447629 10.17104739602655 30.066591500304639
leaf_count=880 5637 397 3382 1487 2026 2013 18 155 93 3093 17 1347 213 322
internal_value=1.89892e-10 0.0042419 0.00148054 0.00512743 -0.003404 0.0134191 0.00774404 0.0072409 -0.0208137 -0.00945417 -0.00544988 -0.000942638 0.00343255 0.0177883
internal_weight=1426.01 984.349 756.671 433.22 323.451 227.678 360.718 357.401 15.8269 441.658 11.4645 274.445 169.978 40.2376
internal_count=21080 12350 9940 5152 4788 2410 3665 3647 265 8730 172 3908 2561 535
is_linear=0
shrinkage=0.05


Tree=34
num_leaves=15
num_cat=0
split_feature=6 1 5 0 8 17 0 8 21 28 11 22 8 9
split_gain=21.8646 9.99239 4.75608 4.6594 6.50597 5.59414 5.41669 6.06385 6.50166 5.3319 6.11287 5.49404 4.69206 4.88382
threshold=1.0000000180025095e-35 5.5000000000000009 1.5000000000000002 26.500000000000004 0.81500000000000006 1.5000000000000002 25.500000000000004 0.78450000000000009 21804300.240000006 10.500000000000002 1.0000000180025095e-35 43321134.985000007 0.36600000000000005 0.29600000000000004
decision_type=2 2 2 2 2 2 2 2 2 2 2 2 2 2
left_child=1 -1 3 4 6 -6 7 -3 -9 10 11 -7 -5 -14
right_child=-2 2 -4 12 5 9 -8 8 -10 -11 -12 -13 13 -15
leaf_value=-0.0016546048034956418 -0.0091666106240977825 0.0066146006219076712 0.0003982459974362583 0.066991503873743974 0.041036052606890021 -0.041734850155528629 -0.040028612066585853 -0.058744290120008695 0.0576515334996896 0.040765152413979766 0.046513014243153121 0.018591503510151826 -0.050960712041444173 0.017960864453883296
leaf_weight=418.34231177764013 446.49078533193097 207.21651046071202 135.16905571520329 4.7931392937898627 23.812961153686047 10.306564217899004 6.9055184219032517 6.5977346180006844 1.4664002731442449 8.9396828915923816 4.4464093185961238 5.9546667337417594 2.6182321347296229 140.48887024447322
leaf_count=6063 8730 2026 2647 17 120 124 104 105 6 53 21 47 35 982
internal_value=9.63742e-11 0.00418891 0.00856428 0.0111704 0.00732893 0.022989 0.00356096 0.00495918 -0.0375786 0.00849341 -0.00543861 -0.0196441 0.0183297 0.0166999
internal_weight=1423.55 977.058 558.716 423.547 275.646 53.4603 222.186 215.281 8.06413 29.6473 20.7076 16.2612 147.9 143.107
internal_count=21080 12350 6287 3640 2606 365 2241 2137 111 245 192 171 1034 1017
is_linear=0
shrinkage=0.05


Tree=35
num_leaves=15
num_cat=0
split_feature=6 1 5 2 11 24 0 8 30 1 7 24 5 0
split_gain=21.4041 10.1669 4.60628 4.16317 4.02745 3.95375 3.46251 3.38767 3.65933 3.45015 5.33156 3.26078 3.04571 3.80667
threshold=1.0000000180025095e-35 5.5000000000000009 1.5000000000000002 13.500000000000002 0.22500000000000003 14.325000000000001 29.500000000000004 0.97500000000000009 1.0000000180025095e-35 14.500000000000002 81.345000000000013 15.925000000000002 4.5000000000000009 35.500000000000007
decision_type=2 2 2 2 2 2 2 2 2 2 2 2 2 2
left_child=1 -1 3 -3 -4 -5 -7 9 -9 10 -2 -11 -6 -14
right_child=7 2 4 5 12 6 -8 8 -10 11 -12 -13 13 -15
leaf_value=-0.0017435901895217539 -0.010466780859262554 0.010034855814513724 -0.0057658276090937341 0.0054462658766069863 0.0161781168027391 -0.085859897228130894 0.055588880357305505 0.045148140588369766 -0.027672252388570646 0.010177205061196784 -0.043165408349986313 -0.011205301656775933 0.054356234457913467 -0.057377125844018995
leaf_weight=417.32747689960524 353.7564476262778 400.6315366756171 88.059689370915294 7.9150760509073761 43.369208119809628 0.44863684847950835 12.138272348791359 5.6495072538964433 2.483602118678391 38.858432425651699 12.921596859581767 32.947065066546202 1.0193377286195744 3.0228747576475143
leaf_count=6063 6291 3504 2306 79 297 7 50 67 59 1034 241 1038 6 38
internal_value=-5.49219e-12 0.00415617 0.00857966 0.0111595 0.000559962 0.0331354 0.0505472 -0.00906332 0.022911 -0.00965639 -0.0116191 0.000366106 0.0123092 -0.029201
internal_weight=1420.55 973.932 556.605 421.134 135.471 20.502 12.5869 446.617 8.13311 438.484 366.678 71.8055 47.4114 4.04221
internal_count=21080 12350 6287 3640 2647 136 57 8730 126 8604 6532 2072 341 44
is_linear=0
shrinkage=0.05


Tree=36
num_leaves=15
num_cat=0
split_feature=6 0 5 5 1 11 6 8 7 4 8 9 24 11
split_gain=23.3903 9.36614 4.86307 4.81136 5.734 4.05184 4.42465 3.85985 3.40246 2.9794 2.98831 5.44818 3.1351 3.10979
threshold=1.0000000180025095e-35 23.500000000000004 2.5000000000000004 1.5000000000000002 1.5000000000000002 1.0000000180025095e-35 1.5000000000000002 0.41250000000000003 14.930000000000001 7.5000000000000009 0.36600000000000005 0.29600000000000004 31.455000000000002 1.0000000180025095e-35
decision_type=2 2 2 2 2 2 2 2 2 2 2 2 2 2
left_child=1 3 9 4 -1 6 -2 -6 -4 10 -3 -12 13 -13
right_child=5 2 8 -5 7 -7 -8 -9 -10 -11 11 12 -14 -15
leaf_value=-0.0066741408093893787 -0.0089842830189944371 0.047624345947761208 0.0083497848264170674 -0.012530228215633855 -0.019536565775101267 -0.00013323683135122726 -0.022313598424657778 0.0057617992769517486 -0.016238143546392674 -0.048686197683089398 -0.037484772060087747 0.010448007941246569 0.091076318712598081 0.022408668992058102
leaf_weight=138.4240806158632 261.25313770538196 6.7662249049171796 34.703435787931085 60.47437359392643 15.599398377351461 87.984830059111118 81.738082345575094 450.52742289099842 23.663970321416855 1.8590904679149378 5.0444819796830407 156.9055888261646 1.3472907543182362 83.141804384067655
leaf_count=2210 4577 48 623 1119 300 1816 2337 5215 492 36 101 1617 1 588
internal_value=4.38133e-12 0.00427486 0.0114005 0.000916462 0.00226156 -0.00970533 -0.0121608 0.00491516 -0.00161893 0.0143798 0.0148429 0.0139428 0.0150175 0.0145907
internal_weight=1409.43 978.457 313.432 665.025 604.551 430.976 342.991 466.127 58.3674 255.064 253.205 246.439 241.395 240.047
internal_count=21080 12350 3506 8844 7725 8730 6914 5515 1115 2391 2355 2307 2206 2205
is_linear=0
shrinkage=0.05


Tree=37
num_leaves=15
num_cat=0
split_feature=6 0 5 9 2 5 6 11 8 24 28 4 23 7
split_gain=23.3463 9.76668 5.18808 4.40263 3.80318 4.14979 3.44955 3.35378 3.86249 3.28795 5.13781 5.19377 3.2479 2.94047
threshold=1.0000000180025095e-35 20.500000000000004 1.5000000000000002 0.33750000000000008 1.0000000180025095e-35 1.5000000000000002 1.5000000000000002 0.22500000000000003 0.53800000000000014 13.165000000000001 6.5000000000000009 1.5000000000000002 135889875.57000002 3.0700000000000003
decision_type=2 2 2 2 2 2 2 2 2 2 2 2 2 2
left_child=1 3 -3 -1 -5 -6 -2 12 -9 13 -11 -12 -4 -10
right_child=6 2 7 4 5 -7 -8 8 9 10 11 -13 -14 -15
leaf_value=-0.015891815136026933 -0.0069473974301045658 0.013943188986554115 0.00095045395958005634 -0.0069733151217958884 0.0049665300308166871 -0.012662220961817315 -0.016932402786268879 -0.032153285762489534 -0.028936341316978587 -0.053198404018774896 -0.088025523773248737 0.019738074921255483 -0.023251992807587794 0.040797540384796625
leaf_weight=40.276189678814262 301.98737786710262 281.46411041170359 57.647011626511812 111.06092471443117 383.31309386529028 36.567464468069375 121.2184701547958 4.4554986841976634 1.6781899854540849 3.2569927200675037 1.1806165613234068 21.113197032362223 18.250528580509126 15.238666009157894
leaf_count=846 5637 1978 1539 1645 4836 695 3093 52 15 33 17 146 480 68
internal_value=-7.04351e-11 0.00425478 0.0102016 4.58426e-05 0.00125484 0.00343124 -0.00980739 0.00162719 0.0121352 0.0167818 0.00546138 0.0140312 -0.00486933 0.0338798
internal_weight=1398.71 975.502 404.285 571.218 530.941 419.881 423.206 122.821 46.9232 42.4677 25.5508 22.2938 75.8975 16.9169
internal_count=21080 12350 4328 8022 7176 5531 8730 2350 331 279 196 163 2019 83
is_linear=0
shrinkage=0.05


Tree=38
num_leaves=15
num_cat=0
split_feature=6 0 5 9 9 0 5 24 7 7 1 23 7 23
split_gain=23.5439 8.41288 5.16365 4.01011 3.89406 4.87971 3.79234 3.74942 3.50632 6.86631 6.05497 6.37126 5.74735 4.8192
threshold=1.0000000180025095e-35 20.500000000000004 1.5000000000000002 0.35150000000000003 0.35400000000000004 6.5000000000000009 1.5000000000000002 20.685000000000006 2.8600000000000003 6.5600000000000014 1.5000000000000002 136618858.60000005 7.7650000000000015 11800732.450000001
decision_type=2 2 2 2 2 2 2 2 2 2 2 2 2 2
left_child=1 3 -3 -1 5 -5 8 -7 -6 13 -11 -12 -13 -10
right_child=-2 2 -4 4 6 7 -8 -9 9 10 11 12 -14 -15
leaf_value=-0.012844688341896402 -0.0097889367876329708 0.013559931588582434 0.0012276492656152918 -0.032739576743297659 0.01503096504039492 0.049838988444654751 -0.014588940528521985 -0.050424956822258143 0.028040584244787926 -0.0074110488390285974 0.012391989720467933 0.054237769566081478 -0.012562772530949848 -0.01446819855216188
leaf_weight=52.048869738122448 426.51391047565266 280.98821184597909 121.6197841046378 2.7533473065122953 47.725759457796812 10.791486621368675 36.290162418968976 1.0206102607771743 7.2244204878807059 83.382900884840637 189.66922191297635 3.4650916829705229 45.511567795649171 86.476923918817192
leaf_count=1096 8730 1978 2350 54 537 78 691 22 70 1322 2168 23 648 1313
internal_value=-1.38217e-10 0.00430883 0.0098346 0.00038073 0.00171916 0.0272034 0.000976401 0.0411758 0.00219522 0.000721678 0.00418786 0.00824052 -0.00783664 -0.0111908
internal_weight=1395.48 968.968 402.608 566.36 514.311 14.5654 499.746 11.8121 463.456 415.73 322.029 238.646 48.9767 93.7013
internal_count=21080 12350 4328 8022 6926 154 6772 100 6081 5544 4161 2839 671 1383
is_linear=0
shrinkage=0.05


Tree=39
num_leaves=15
num_cat=0
split_feature=6 1 5 11 0 31 22 7 21 28 1 8 26 27
split_gain=23.1584 7.97724 4.99803 3.95612 3.27881 4.03014 7.2253 6.28733 5.52798 6.18054 4.41607 4.24512 5.09218 4.04174
threshold=1.0000000180025095e-35 4.5000000000000009 1.5000000000000002 0.55000000000000016 26.500000000000004 1.0000000180025095e-35 47551371.82500001 48.490000000000009 8763760.8850000016 7.5000000000000009 6.5000000000000009 0.90050000000000019 0.49500000000000005 1.0000000180025095e-35
decision_type=2 2 2 2 2 2 2 2 2 2 2 2 2 2
left_child=1 -1 4 -4 -3 6 7 10 9 -9 -6 12 -12 -14
right_child=-2 2 3 -5 5 -7 -8 8 -10 -11 11 -13 13 -15
leaf_value=-0.0017774776267262039 -0.0096548025334252784 0.007389008957449675 -0.0051241855357339171 0.014663861332420335 0.092637543075045112 0.02393277279282318 0.042407725096253526 -0.041343667992008545 -0.072975643859860689 0.052448823053343141 -0.038344443079389154 0.037442440414414878 0.033068823638761041 -0.016260134473037573
leaf_weight=344.71134588751011 429.3016412621364 327.0705118495971 108.65865746792406 32.907874803990126 1.015249729156493 80.271880362182856 12.057165386155246 2.0873334109783164 1.2369151413440693 11.079460885375736 16.816100979223847 3.7802005838602772 6.072505887597802 13.132826186716555
leaf_count=5170 8730 3334 2596 216 1 511 53 16 20 38 193 23 37 142
internal_value=-5.39911e-11 0.00431349 0.00772094 -0.000524351 0.0101803 0.0163677 0.00734142 -0.00031515 0.028086 0.0375799 -0.0103375 -0.0129642 -0.018254 -0.000662883
internal_weight=1390.2 960.898 616.187 141.567 474.62 147.55 67.2778 55.2206 14.4037 13.1668 40.8169 39.8016 36.0214 19.2053
internal_count=21080 12350 7180 2812 4368 1034 523 470 74 54 396 395 372 179
is_linear=0
shrinkage=0.05


Tree=40
num_leaves=15
num_cat=0
split_feature=6 2 5 11 9 9 9 2 11 23 18 11 6 0
split_gain=22.0615 8.04742 5.06526 4.03579 3.65742 3.97297 3.63461 3.43928 3.35299 3.28027 3.22271 3.07207 4.38206 2.9944
threshold=1.0000000180025095e-35 3.5000000000000004 1.5000000000000002 0.55000000000000016 0.44600000000000006 0.41950000000000004 0.75750000000000017 13.500000000000002 0.55000000000000016 177216196.61000004 1.5000000000000002 1.0000000180025095e-35 1.5000000000000002 39.500000000000007
decision_type=2 2 2 2 2 2 2 2 2 2 2 2 2 2
left_child=1 -1 6 -4 5 10 7 -3 9 -9 -5 12 -2 -6
right_child=11 2 3 4 13 -7 -8 8 -10 -11 -12 -13 -14 -15
leaf_value=-0.001435910568061896 -0.0084551872101270107 0.0099091319500887697 -0.0049782322634189845 0.031238072687717562 0.0094318457911535154 -0.10212794921585354 -0.061182800050881926 0.041382493601419011 -0.069057619199526757 -0.039304162265784717 -0.043477160233591591 -0.001000808656925268 -0.021895428997238536 0.044604922241726547
leaf_weight=378.91820390010253 263.96276649506763 416.61849538888782 107.70429618470371 3.4471121747046736 14.287402912974359 1.135636333376169 1.7571311313658942 17.486837038770325 0.79816591367125411 1.3574198409914959 2.482736874371767 86.557062129490077 78.736090623773634 10.496552629396318
leaf_count=5718 4577 3710 2541 26 95 11 35 106 11 16 30 1816 2337 51
internal_value=-3.56376e-11 0.00422633 0.00794106 -0.000354444 0.0152817 -0.016452 0.010584 0.0108731 0.0313188 0.0355703 -4.40497e-05 -0.00941732 -0.0115431 0.0243284
internal_weight=1385.75 956.49 577.572 139.554 31.8494 7.06549 438.018 436.261 19.6424 18.8443 5.92985 429.256 342.699 24.784
internal_count=21080 12350 6632 2754 213 67 3878 3843 133 122 56 8730 6914 146
is_linear=0
shrinkage=0.05


Tree=41
num_leaves=15
num_cat=0
split_feature=6 1 5 7 2 6 8 1 4 3 7 7 7 24
split_gain=21.557 7.68417 4.70475 4.28205 3.82044 3.58288 2.97736 3.06639 2.75789 2.71999 3.11222 2.7347 3.00851 4.92797
threshold=1.0000000180025095e-35 5.5000000000000009 2.5000000000000004 14.930000000000001 13.500000000000002 1.5000000000000002 0.59350000000000003 11.500000000000002 2.5000000000000004 1.5000000000000002 111.77500000000002 176.10500000000005 43.445000000000007 25.220000000000002
decision_type=2 2 2 2 2 2 2 2 2 2 2 2 2 2
left_child=1 9 4 -4 -3 6 8 -8 -2 10 -1 12 -11 -14
right_child=5 2 3 -5 -6 -7 7 -9 -10 11 -12 -13 13 -15
leaf_value=-0.0036681896238210093 0.006007301968512152 0.0086211073271150636 0.0060733549518014913 -0.020144052830287213 0.027487040022810372 -0.016697793982517011 -0.013683917964288077 0.00017884422385537347 -0.012132069032188955 0.0057999439224695071 -0.058759913213514606 0.057260895144138062 -0.025529269209717799 0.061984800727736281
leaf_weight=249.77085982495919 69.952971341554075 453.4512186916545 38.085225910879672 26.349876935593784 28.52262663654983 120.18051039241254 148.83884206973016 54.4957469785586 29.915352730546147 137.26192202046514 2.5901068509556344 2.3869199287146321 15.397507366724314 1.7962774857878674
leaf_count=3941 1033 4730 711 564 282 3093 2461 1425 718 1743 52 11 299 17
internal_value=-6.59545e-11 0.00416111 0.00804117 -0.0046479 0.00973757 -0.00939198 -0.00649617 -0.00996856 0.00057369 -0.00101993 -0.00423362 0.00415093 0.00333019 -0.0163865
internal_weight=1379 955.613 546.409 64.4351 481.974 423.383 303.203 203.335 99.8683 409.204 252.361 156.843 154.456 17.1938
internal_count=21080 12350 6287 1275 5012 8730 5637 3886 1751 6063 3993 2070 2059 316
is_linear=0
shrinkage=0.05


Tree=42
num_leaves=15
num_cat=0
split_feature=6 0 5 11 0 5 9 16 7 0 32 8 22 20
split_gain=26.1439 7.12112 5.73718 5.09065 4.62876 4.27519 4.79873 4.01231 3.87701 3.83264 7.12408 3.81102 4.81053 3.66435
threshold=1.0000000180025095e-35 5.5000000000000009 1.5000000000000002 0.55000000000000016 23.500000000000004 1.0000000180025095e-35 0.72350000000000014 3.5000000000000004 10.535000000000002 2.5000000000000004 1.0000000180025095e-35 0.7340000000000001 42549811.665000007 1424427.8800000001
decision_type=2 2 2 2 2 2 2 2 2 2 2 2 2 2
left_child=1 5 4 -4 -3 8 9 -8 11 10 -7 12 -1 -11
right_child=-2 2 3 -5 -6 6 7 -9 -10 13 -12 -13 -14 -15
leaf_value=0.022197707090716487 -0.010816457545414285 0.0056698520126937249 -0.0065818241071744542 0.015142568522317344 0.014852369216073389 -0.060890211197074384 -0.064995545878654123 0.072025630474770438 -0.0077313289285225314 -0.060349157229038691 0.039237328167315538 -0.015061682463084173 -0.020427076468840365 -0.018422251831153903
leaf_weight=40.236696316860616 396.30359713779762 422.9611302879639 126.3119797045365 34.285647207871079 203.16086994297802 2.7972551854327383 0.7008288493379945 2.2480084076523781 87.758926359470934 10.065483728889378 4.8681737491860986 13.286896309815345 7.9225757187232366 10.806258933618663
leaf_count=538 8730 4959 2920 230 1449 49 13 8 1451 168 41 227 155 142
internal_value=1.43746e-11 0.004431 0.00648688 -0.00194393 0.00864935 -0.00452018 -0.0212624 0.0394608 -0.000987157 -0.0275371 0.00269896 0.00864504 0.0151856 -0.0386417
internal_weight=1363.71 967.411 786.72 160.598 626.122 180.691 31.486 2.94884 149.205 28.5372 7.66543 61.4462 48.1593 20.8717
internal_count=21080 12350 9558 3150 6408 2792 421 21 2371 400 90 920 693 310
is_linear=0
shrinkage=0.05


Tree=43
num_leaves=15
num_cat=0
split_feature=6 0 5 8 24 1 2 2 7 9 5 6 11 4
split_gain=26.0196 6.50127 7.11205 3.52268 4.52015 5.2615 3.14819 3.14198 3.14097 3.14021 3.104 3.04383 3.01432 5.2097
threshold=1.0000000180025095e-35 17.500000000000004 1.0000000180025095e-35 0.52500000000000013 18.260000000000002 7.5000000000000009 16.500000000000004 13.500000000000002 1.51 0.33750000000000008 1.5000000000000002 2.5000000000000004 1.0000000180025095e-35 2.5000000000000004
decision_type=2 2 2 2 2 2 2 2 2 2 2 2 2 2
left_child=1 9 6 4 5 10 7 8 -3 -1 -4 -2 13 -5
right_child=11 2 3 12 -6 -7 -8 -9 -10 -11 -12 -13 -14 -15
leaf_value=-0.014425775639675738 -0.0095311374280903916 -0.081177670465569077 0.049275313072439701 0.0098983588256604874 -0.038260984985442864 -0.012370331122903942 -0.05956212943751802 0.05133982043491693 0.017964178096290462 0.0015174178824711136 -0.018462563401573741 -0.026693892712084933 0.013530323173409436 -0.0070060525784319556
leaf_weight=33.123285787180066 371.52858151448891 0.80405005626380344 6.8500002641230804 110.76685781311244 9.9176389016211015 23.004255789332092 1.2819629944860924 7.1791338678449383 124.62188548594713 457.05527905980125 2.2456509014591575 27.764273142442107 104.57653526775539 77.444018366280943
leaf_count=748 7852 13 37 1334 208 428 16 33 938 6380 52 878 877 1286
internal_value=1.46957e-10 0.00446591 0.0086763 0.00478139 -0.00875714 0.000358418 0.0184161 0.01917 0.0173286 0.000440074 0.0325513 -0.0107245 0.00672429 0.00294262
internal_weight=1358.16 958.871 468.692 334.805 42.0175 32.0999 133.887 132.605 125.426 490.179 9.09565 399.293 292.787 188.211
internal_count=21080 12350 5222 4222 725 517 1000 984 951 7128 89 8730 3497 2620
is_linear=0
shrinkage=0.05


Tree=44
num_leaves=15
num_cat=0
split_feature=6 0 7 27 5 7 4 27 7 7 9 22 0 1
split_gain=24.5972 6.76367 4.17508 5.98225 4.06668 3.9611 5.55416 3.69075 4.40588 4.06916 4.00926 4.05878 3.82086 3.68743
threshold=1.0000000180025095e-35 23.500000000000004 27.605 1.0000000180025095e-35 1.5000000000000002 26.305000000000003 2.5000000000000004 3.5000000000000004 15.020000000000001 23.975000000000005 0.7350000000000001 13847672.685000002 24.500000000000004 2.5000000000000004
decision_type=2 2 2 2 2 2 2 2 2 2 2 2 2 2
left_child=1 4 5 -4 13 7 -7 9 12 10 11 -3 -9 -1
right_child=-2 2 3 -5 -6 6 -8 8 -10 -11 -12 -13 -14 -15
leaf_value=-0.0027029387246380846 -0.010443276472599329 0.007374476797023995 -0.032093460365294618 0.0063974539009552592 -0.011085903014787651 -0.07801944052143038 0.064410831805181187 -0.073631863760595037 0.024875583793204425 -0.064007262308095808 -0.048507280923815413 0.023180186817666138 -0.0058409914951032746 0.0055973103252848809
leaf_weight=204.97944595851004 397.91879173694178 64.089732316788286 11.951273064129053 64.977448319550604 58.681181098334491 0.76276013255119224 6.6684614652767777 2.2470256276428726 12.050266301259397 1.5826848540455092 2.338933737948536 110.90034278016537 27.721279276534915 385.37579526938498
leaf_count=3166 8730 746 216 800 1119 11 28 30 116 26 59 1085 389 4559
internal_value=-1.08388e-11 0.00435446 0.0104919 0.000417692 0.00146754 0.0138857 0.0497914 0.012678 -0.00065721 0.0158098 0.0165222 0.0173914 -0.010924 0.00271535
internal_weight=1352.25 954.327 305.29 76.9287 649.036 228.361 7.43122 220.93 42.0186 178.912 177.329 174.99 29.9683 590.355
internal_count=21080 12350 3506 1016 8844 2490 39 2451 535 1916 1890 1831 419 7725
is_linear=0
shrinkage=0.05


Tree=45
num_leaves=15
num_cat=0
split_feature=6 1 5 0 9 9 1 1 0 20 27 4 9 9
split_gain=23.6529 6.60696 4.8187 3.32547 3.13058 6.45467 5.77862 6.12319 8.93588 6.38753 4.04299 3.93444 3.37478 3.51852
threshold=1.0000000180025095e-35 6.5000000000000009 1.5000000000000002 26.500000000000004 0.56800000000000006 0.58150000000000002 19.500000000000004 14.500000000000002 31.500000000000004 234799.03000000003 1.5000000000000002 1.0000000180025095e-35 0.63450000000000017 0.61250000000000016
decision_type=2 2 2 2 2 2 2 2 2 2 2 2 2 2
left_child=1 3 4 -1 -3 -6 7 8 10 -9 -7 -11 13 -12
right_child=-2 2 -4 -5 5 6 -8 9 -10 11 12 -13 -14 -15
leaf_value=-0.00028658192318006614 -0.010228420107468213 0.0081918136822361452 -0.00029963458504222957 0.058018304904665377 0.04546118076798588 -0.0065839448116699105 -0.083033254057941985 -0.087755365987372311 -0.066763552797190609 -0.085288635448543107 0.013805463776988269 0.049070179946046094 0.029202322038171542 -0.044873421345316661
leaf_weight=461.59551670891233 398.22977918852121 255.32342638773844 120.61270306492224 2.458610786125063 18.226666961796582 20.536443804390728 1.5439437003806222 0.94915340468287723 3.82566407136619 0.56132752448320644 10.625915550626813 18.580087212845683 31.551060553640127 3.3632753863930693
leaf_count=6798 8730 2265 2467 17 81 211 22 12 41 8 91 88 202 47
internal_value=-5.73557e-11 0.00428876 0.00836505 2.23239e-05 0.0112276 0.0182891 0.0128787 0.0145242 0.00753211 0.0388521 0.0118336 0.0451301 0.0201391 -0.000302089
internal_weight=1347.98 949.754 485.7 464.054 365.087 109.764 91.5369 89.9929 69.9024 20.0906 66.0767 19.1414 45.5403 13.9892
internal_count=21080 12350 5535 6815 3068 803 722 700 592 108 551 96 340 138
is_linear=0
shrinkage=0.05


Tree=46
num_leaves=15
num_cat=0
split_feature=6 1 5 3 1 21 11 21 11 7 2 8 8 28
split_gain=22.4034 7.00258 4.2393 5.29354 3.52499 3.47201 3.44903 3.45718 4.4953 4.15388 3.44586 3.64741 4.65814 3.96489
threshold=1.0000000180025095e-35 11.500000000000002 1.5000000000000002 1.5000000000000002 10.500000000000002 963314.80000000016 0.55000000000000016 3951850.8850000002 0.87500000000000011 51.030000000000008 1.0000000180025095e-35 0.54250000000000009 0.58100000000000007 5.5000000000000009
decision_type=2 2 2 2 2 2 2 2 2 2 2 2 2 2
left_child=1 2 3 4 5 -1 -4 -8 9 -9 11 -7 -13 -14
right_child=-2 -3 6 -5 -6 10 7 8 -10 -11 -12 12 13 -15
leaf_value=-0.013650203426362754 -0.0099477928584006461 0.01202308577683614 -0.01282043688705912 0.0074297450797759304 -0.053017665217475751 -0.031501066505304258 -0.019301634730273895 0.046544095908719267 -0.094636359174363707 -0.098579562169531135 0.0053907707657548237 0.042034081356170538 -0.050679785867066313 -0.0027466195993841331
leaf_weight=46.436471179127693 398.19573489716277 219.22314732056111 74.404210726730525 346.78077834378928 3.3123296126723281 13.099718464072792 5.4448825493454924 9.1151798907667345 0.67656656354665834 0.52127819135785181 163.02970213582739 5.3702826816588631 4.6971935098990789 52.908458386082202
leaf_count=856 8730 2410 1768 3665 41 281 47 44 7 6 2242 64 101 818
internal_value=-5.23971e-11 0.00419162 0.00182617 0.00326536 -0.00173415 -0.00113925 -0.00831998 0.0129299 0.0299469 0.0386937 0.00129049 -0.00749638 -0.00250314 -0.00665511
internal_weight=1343.22 945.02 725.797 635.635 288.854 285.542 90.1621 15.7579 10.313 9.63646 239.105 76.0757 62.9759 57.6057
internal_count=21080 12350 9940 8068 4403 4362 1872 104 57 50 3506 1264 983 919
is_linear=0
shrinkage=0.05


Tree=47
num_leaves=15
num_cat=0
split_feature=6 0 5 5 7 2 26 22 22 23 22 24 21 25
split_gain=21.5942 6.76292 4.57233 3.12647 3.02903 3.6598 6.73692 4.66954 3.14758 5.23397 4.90465 3.64086 3.13792 3.02811
threshold=1.0000000180025095e-35 20.500000000000004 1.5000000000000002 1.5000000000000002 66.790000000000006 4.5000000000000009 1.0000000180025095e-35 17103809.430000003 100834818.34000002 99675645.325000003 18067474.715000004 7.9400000000000004 3533694.8000000003 0.75000000000000011
decision_type=2 2 2 2 2 2 2 2 2 2 2 2 2 2
left_child=1 3 -3 4 5 -1 -7 -8 9 10 -6 -12 -9 -13
right_child=-2 2 -4 -5 8 6 7 12 -10 -11 11 13 -14 -15
leaf_value=0.00033587426601242661 -0.0097285260705327146 0.012807062248497279 0.0010261351682504414 -0.012702218998906226 -0.022895753268948747 -0.037467981607844279 0.025912959602169768 -0.055399010935937937 0.036322941622381158 -0.057322489724307271 -0.091150098410563776 0.049640748845155319 0.006525882241733217 -0.066837924783920061
leaf_weight=374.15446323389187 399.9520559264347 269.22205245960504 118.66128003969789 40.98549500387162 14.914771717973062 6.7219567988067856 45.744487324729562 2.1342531396076074 2.8943404015153638 6.6322457445785394 0.59059575945138831 5.853069419041276 49.331469208933413 0.61677804682403792
leaf_count=5505 8730 1978 2350 826 298 119 387 49 30 176 12 48 556 16
internal_value=-9.79333e-11 0.00414611 0.00920304 0.00058346 0.00165201 0.00264153 0.0109419 0.0142894 -0.0133655 -0.0183927 -0.00664345 0.0276886 0.00395789 0.0385367
internal_weight=1338.41 938.457 387.883 550.574 509.588 478.087 103.932 97.2102 31.5018 28.6075 21.9752 7.06044 51.4657 6.46985
internal_count=21080 12350 4328 8022 7196 6616 1111 992 580 550 374 76 605 64
is_linear=0
shrinkage=0.05


Tree=48
num_leaves=15
num_cat=0
split_feature=6 2 5 9 2 7 2 7 9 28 23 4 19 26
split_gain=20.515 6.21867 4.23367 3.05513 2.9786 6.3996 4.26198 4.54505 4.33357 4.95203 4.64078 3.75954 4.05556 3.69182
threshold=1.0000000180025095e-35 3.5000000000000004 1.5000000000000002 0.75750000000000017 7.5000000000000009 22.610000000000003 5.5000000000000009 23.500000000000004 0.52900000000000014 11.500000000000002 117828179.61000001 1.5000000000000002 1.5000000000000002 0.49500000000000005
decision_type=2 2 2 2 2 2 2 2 2 2 2 2 2 2
left_child=1 -1 3 4 5 -3 7 -7 9 11 -10 -9 -13 -8
right_child=-2 2 -4 -5 -6 6 13 8 10 -11 -12 12 -14 -15
leaf_value=-0.00097388941477342689 -0.0094738923542348769 0.011547330042285758 -0.000310367396544738 -0.060359257780668467 0.015564068020081593 -0.078593286484873695 -0.008070465936636113 -0.047930385428621776 0.033811187127667182 0.034634723943363276 -0.028535867338920214 -0.042352865322014224 0.022510034402310156 -0.046988874704222923
leaf_weight=370.52251497656107 400.07185472361743 197.41165161784738 136.22349269594997 1.5455279797315586 156.08478056360036 1.6264579687267531 17.471479360945526 7.4836092256009641 17.255381092429165 5.172477255575358 3.6089293407276264 3.8181314216926676 6.5339351519942284 9.3569953944534046
leaf_count=5718 8730 1778 2754 35 1185 25 193 155 116 47 56 66 73 149
internal_value=-1.94951e-10 0.00405757 0.0073654 0.00981204 0.0100667 0.00688568 -0.0058379 0.00348223 0.00652497 -0.00843938 0.0230269 -0.0209312 -0.00141322 -0.0216441
internal_weight=1334.19 934.115 563.593 427.369 425.824 269.739 72.3274 45.4989 43.8725 23.0082 20.8643 17.8357 10.3521 26.8285
internal_count=21080 12350 6632 3878 3843 2658 880 538 513 341 172 294 139 342
is_linear=0
shrinkage=0.05


Tree=49
num_leaves=15
num_cat=0
split_feature=6 1 5 6 1 2 25 11 8 7 9 24 7 7
split_gain=19.5241 6.58069 4.29077 2.96446 3.24879 2.72488 3.00462 2.70328 3.93896 2.63179 2.55344 2.5233 2.50966 3.67422
threshold=1.0000000180025095e-35 6.5000000000000009 1.5000000000000002 2.5000000000000004 14.500000000000002 6.5000000000000009 0.75000000000000011 0.55000000000000016 0.60950000000000004 81.345000000000013 0.7350000000000001 27.345000000000002 17.515000000000004 2.5950000000000002
decision_type=2 2 2 2 2 2 2 2 2 2 2 2 2 2
left_child=1 5 -3 4 9 -1 12 -4 -9 -2 11 -10 13 -7
right_child=3 2 7 -5 -6 6 -8 8 10 -11 -12 -13 -14 -15
leaf_value=-0.0014369164474972117 -0.0094186739043036032 0.010823026910753993 -0.0043103344195870499 -0.025368546505998325 0.0023587177164152984 0.047459664716066594 -0.040479360278261933 -0.027483798250659844 0.025750822568068162 -0.038482942412454549 -0.11011609764022492 -0.084962227993786707 0.033627116827944455 -0.0078791005564252947
leaf_weight=419.48343331599608 303.82509512454271 356.93762352364138 91.553442792501301 26.568509688600898 62.111102100927383 3.8943897131830516 2.3928224341943851 4.9677777383476522 23.578045347705491 7.9937493158504358 0.36385884135961433 0.52613404765725036 13.680142005905507 13.052937274798749
leaf_count=6417 5851 3068 2265 878 1785 29 60 60 130 216 4 8 126 183
internal_value=-1.8074e-10 0.00397316 0.00806477 -0.00923038 -0.00808373 -0.000348324 0.0134809 -7.2515e-05 0.0131083 -0.0101638 0.0213497 0.0233342 0.0176967 0.0048374
internal_weight=1330.93 930.431 477.927 400.498 373.93 452.504 33.0203 120.989 29.4358 311.819 24.468 24.1042 30.6275 16.9473
internal_count=21080 12350 5535 8730 7852 6815 398 2467 202 6067 142 138 338 212
is_linear=0
shrinkage=0.05


end of trees

feature_importances:
historical_shortlist_count=69
historical_contact_count=67
company_valuation=57
historical_interest=56
historical_interaction_count=54
historical_impression_count=54
company_popularity_score=48
company_quality_score=47
historical_view_count=37
min_expected_return_pct=37
historical_click_count=24
historical_save_count=20
investment_max=19
valuation_max=18
valuation_min=17
company_age_max_years=13
investment_min=11
company_age_min_years=11
investment_horizon=8
risk_appetite=5
stage_match=5
company_is_active=4
preferred_sector_count=4
geography_match=4
preferred_stage_count=3
preferred_geography_count=3
sector_match=3
preferred_deal_type_count=1
esg_preference=1

parameters:
[boosting: gbdt]
[objective: lambdarank]
[metric: ndcg]
[tree_learner: serial]
[device_type: cpu]
[data_sample_strategy: bagging]
[data: ]
[valid: ]
[num_iterations: 50]
[learning_rate: 0.05]
[num_leaves: 15]
[num_threads: 8]
[seed: 0]
[deterministic: 0]
[force_col_wise: 0]
[force_row_wise: 0]
[histogram_pool_size: -1]
[max_depth: -1]
[min_data_in_leaf: 1]
[min_sum_hessian_in_leaf: 0.001]
[bagging_fraction: 1]
[pos_bagging_fraction: 1]
[neg_bagging_fraction: 1]
[bagging_freq: 0]
[bagging_seed: 3]
[bagging_by_query: 0]
[feature_fraction: 1]
[feature_fraction_bynode: 1]
[feature_fraction_seed: 2]
[extra_trees: 0]
[extra_seed: 6]
[early_stopping_round: 0]
[early_stopping_min_delta: 0]
[first_metric_only: 0]
[max_delta_step: 0]
[lambda_l1: 0]
[lambda_l2: 0]
[linear_lambda: 0]
[min_gain_to_split: 0]
[drop_rate: 0.1]
[max_drop: 50]
[skip_drop: 0.5]
[xgboost_dart_mode: 0]
[uniform_drop: 0]
[drop_seed: 4]
[top_rate: 0.2]
[other_rate: 0.1]
[min_data_per_group: 100]
[max_cat_threshold: 32]
[cat_l2: 10]
[cat_smooth: 10]
[max_cat_to_onehot: 4]
[top_k: 20]
[monotone_constraints: ]
[monotone_constraints_method: basic]
[monotone_penalty: 0]
[feature_contri: ]
[forcedsplits_filename: ]
[refit_decay_rate: 0.9]
[cegb_tradeoff: 1]
[cegb_penalty_split: 0]
[cegb_penalty_feature_lazy: ]
[cegb_penalty_feature_coupled: ]
[path_smooth: 0]
[interaction_constraints: ]
[verbosity: -1]
[saved_feature_importance_type: 0]
[use_quantized_grad: 0]
[num_grad_quant_bins: 4]
[quant_train_renew_leaf: 0]
[stochastic_rounding: 1]
[linear_tree: 0]
[max_bin: 255]
[max_bin_by_feature: ]
[min_data_in_bin: 3]
[bin_construct_sample_cnt: 200000]
[data_random_seed: 1]
[is_enable_sparse: 1]
[enable_bundle: 1]
[use_missing: 1]
[zero_as_missing: 0]
[feature_pre_filter: 1]
[pre_partition: 0]
[two_round: 0]
[header: 0]
[label_column: ]
[weight_column: ]
[group_column: ]
[ignore_column: ]
[categorical_feature: ]
[forcedbins_filename: ]
[precise_float_parser: 0]
[parser_config_file: ]
[objective_seed: 5]
[num_class: 1]
[is_unbalance: 0]
[scale_pos_weight: 1]
[sigmoid: 1]
[boost_from_average: 1]
[reg_sqrt: 0]
[alpha: 0.9]
[fair_c: 1]
[poisson_max_delta_step: 0.7]
[tweedie_variance_power: 1.5]
[lambdarank_truncation_level: 30]
[lambdarank_norm: 1]
[label_gain: ]
[lambdarank_position_bias_regularization: 0]
[eval_at: 1,2,3,4,5]
[multi_error_top_k: 1]
[auc_mu_weights: ]
[num_machines: 1]
[local_listen_port: 12400]
[time_out: 120]
[machine_list_filename: ]
[machines: ]
[gpu_platform_id: -1]
[gpu_device_id: -1]
[gpu_device_id_list: ]
[gpu_use_dp: 0]
[num_gpu: 1]

end of parameters

pandas_categorical:[]
